datetime,open,high,low,close,volume
2026-01-30 09:15:00,214.75,214.75,212.25,212.25,2389
2026-01-30 09:20:00,212.25,212.83,212.04,212.31,2054
2026-01-30 09:25:00,212.31,213.01,212.31,212.67,163
2026-01-30 09:30:00,212.55,214.53,212.55,214.53,1352
2026-01-30 09:35:00,214.53,214.61,214.22,214.61,365
2026-01-30 09:40:00,214.61,215.12,214.61,215.12,425
2026-01-30 09:45:00,215.12,215.12,214.93,215.0,155
2026-01-30 09:50:00,215.0,215.55,214.8,215.55,677
2026-01-30 09:55:00,215.55,215.64,215.16,215.31,1404
2026-01-30 10:00:00,215.31,215.43,215.27,215.33,15
2026-01-30 10:05:00,215.33,215.51,215.04,215.04,225
2026-01-30 10:10:00,215.04,215.61,215.04,215.61,447
2026-01-30 10:15:00,215.61,215.64,215.04,215.38,1302
2026-01-30 10:20:00,215.38,215.57,215.38,215.57,413
2026-01-30 10:25:00,215.57,217.56,215.42,216.45,12148
2026-01-30 10:30:00,216.45,217.24,216.45,217.24,2830
2026-01-30 10:35:00,216.65,217.15,216.65,217.0,1747
2026-01-30 10:40:00,217.0,217.0,216.86,217.0,495
2026-01-30 10:45:00,217.0,217.0,216.85,216.85,108
2026-01-30 10:50:00,216.85,216.85,216.27,216.41,1033
2026-01-30 10:55:00,216.23,216.41,215.51,215.51,7674
2026-01-30 11:00:00,215.51,215.95,215.51,215.95,670
2026-01-30 11:05:00,215.77,215.77,215.33,215.42,1572
2026-01-30 11:10:00,215.42,215.77,215.42,215.59,182
2026-01-30 11:15:00,215.59,215.62,215.37,215.62,944
2026-01-30 11:20:00,215.62,215.75,215.49,215.75,433
2026-01-30 11:25:00,215.57,215.67,215.41,215.67,327
2026-01-30 11:30:00,215.67,215.67,215.6,215.6,60
2026-01-30 11:35:00,215.6,215.6,215.6,215.6,2
2026-01-30 11:40:00,215.6,216.0,215.21,216.0,9686
2026-01-30 11:45:00,216.0,216.22,215.97,216.04,8087
2026-01-30 11:50:00,216.04,216.2,216.04,216.2,259
2026-01-30 11:55:00,216.2,216.2,215.98,216.05,5752
2026-01-30 12:00:00,216.05,216.5,216.0,216.5,10408
2026-01-30 12:05:00,216.5,216.5,216.34,216.45,776
2026-01-30 12:10:00,216.45,216.45,216.4,216.44,535
2026-01-30 12:15:00,216.44,217.85,216.41,217.53,13427
2026-01-30 12:20:00,217.53,218.0,217.49,217.99,6062
2026-01-30 12:25:00,217.99,219.0,217.75,218.3,10048
2026-01-30 12:30:00,218.3,218.49,218.14,218.14,916
2026-01-30 12:35:00,218.14,218.36,218.06,218.06,84
2026-01-30 12:40:00,218.06,218.06,217.81,217.81,95
2026-01-30 12:45:00,217.5,218.45,217.45,218.23,1149
2026-01-30 12:50:00,218.23,218.4,218.23,218.4,102
2026-01-30 12:55:00,218.4,218.4,217.93,218.3,461
2026-01-30 13:00:00,218.45,218.69,217.78,217.9,3896
2026-01-30 13:05:00,217.91,217.91,217.9,217.9,114
2026-01-30 13:10:00,217.8,217.8,217.36,217.36,4984
2026-01-30 13:15:00,217.36,217.98,217.36,217.89,1145
2026-01-30 13:20:00,217.68,218.0,217.67,218.0,4291
2026-01-30 13:25:00,218.0,218.0,217.5,217.89,1209
2026-01-30 13:30:00,217.77,217.77,217.64,217.68,123
2026-01-30 13:35:00,217.68,218.79,217.68,218.44,1494
2026-01-30 13:40:00,218.44,218.7,218.34,218.68,546
2026-01-30 13:45:00,218.68,218.7,218.49,218.49,160
2026-01-30 13:50:00,218.49,218.66,218.49,218.55,8
2026-01-30 13:55:00,218.55,218.7,218.55,218.7,203
2026-01-30 14:00:00,218.7,218.7,218.31,218.35,293
2026-01-30 14:05:00,218.35,218.7,218.35,218.7,178
2026-01-30 14:10:00,218.7,218.7,218.5,218.69,419
2026-01-30 14:15:00,218.69,218.7,218.62,218.64,596
2026-01-30 14:20:00,218.64,218.65,217.65,217.8,2821
2026-01-30 14:25:00,217.8,219.0,217.8,218.92,7355
2026-01-30 14:30:00,218.92,218.92,218.54,218.54,858
2026-01-30 14:35:00,218.54,218.94,218.54,218.54,317
2026-01-30 14:40:00,218.54,218.55,218.46,218.46,197
2026-01-30 14:45:00,218.46,218.87,218.17,218.72,1893
2026-01-30 14:50:00,218.72,218.86,218.34,218.59,766
2026-01-30 14:55:00,218.59,218.77,218.59,218.75,70
2026-01-30 15:00:00,218.73,219.0,218.55,219.0,2243
2026-01-30 15:05:00,219.0,219.71,218.76,219.71,2294
2026-01-30 15:10:00,219.42,219.71,218.8,219.16,4129
2026-01-30 15:15:00,219.16,220.6,218.41,220.05,13840
2026-01-30 15:20:00,220.05,221.8,219.58,219.58,22071
2026-01-30 15:25:00,219.58,220.45,218.0,218.0,7625
2026-02-01 09:15:00,219.98,222.0,217.28,217.28,6592
2026-02-01 09:20:00,217.87,217.87,214.95,215.05,26181
2026-02-01 09:25:00,215.05,215.86,215.05,215.86,786
2026-02-01 09:30:00,215.86,215.86,215.85,215.86,131
2026-02-01 09:35:00,215.86,215.99,215.62,215.99,325
2026-02-01 09:40:00,215.99,216.61,215.99,216.52,124
2026-02-01 09:45:00,216.77,217.23,216.77,216.78,630
2026-02-01 09:50:00,216.78,216.78,216.44,216.52,868
2026-02-01 09:55:00,216.52,216.53,216.52,216.52,126
2026-02-01 10:00:00,216.52,216.53,216.24,216.53,96
2026-02-01 10:05:00,216.53,216.57,216.23,216.57,301
2026-02-01 10:10:00,216.57,216.67,216.27,216.67,131
2026-02-01 10:15:00,216.67,217.06,216.67,216.7,57
2026-02-01 10:20:00,216.7,217.4,216.7,217.37,2377
2026-02-01 10:25:00,217.37,217.37,216.89,217.22,152
2026-02-01 10:30:00,217.0,217.25,216.7,216.8,814
2026-02-01 10:35:00,216.8,217.37,216.8,217.26,473
2026-02-01 10:40:00,217.3,217.37,217.3,217.37,158
2026-02-01 10:45:00,217.37,217.37,216.7,217.36,519
2026-02-01 10:50:00,217.36,217.36,216.81,217.28,137
2026-02-01 10:55:00,217.28,217.49,217.03,217.31,341
2026-02-01 11:00:00,217.4,217.46,217.39,217.39,585
2026-02-01 11:05:00,217.39,217.48,217.33,217.48,638
2026-02-01 11:10:00,217.45,217.62,217.25,217.25,458
2026-02-01 11:15:00,217.47,217.58,217.04,217.1,1051
2026-02-01 11:20:00,217.1,217.19,216.7,216.93,872
2026-02-01 11:25:00,217.19,217.19,216.83,217.19,740
2026-02-01 11:30:00,217.19,217.28,217.0,217.0,108
2026-02-01 11:35:00,217.22,217.22,216.89,217.0,147
2026-02-01 11:40:00,216.95,216.97,216.35,216.61,1041
2026-02-01 11:45:00,216.61,216.63,215.01,215.55,3519
2026-02-01 11:50:00,215.95,216.37,215.7,216.25,134
2026-02-01 11:55:00,216.12,216.25,216.0,216.25,251
2026-02-01 12:00:00,216.25,216.25,215.6,215.6,429
2026-02-01 12:05:00,216.18,216.58,216.07,216.58,124
2026-02-01 12:10:00,216.58,216.58,215.92,216.2,183
2026-02-01 12:15:00,215.97,216.42,214.75,214.75,6496
2026-02-01 12:20:00,214.75,214.91,214.5,214.67,3958
2026-02-01 12:25:00,214.25,214.76,214.0,214.19,3913
2026-02-01 12:30:00,214.19,214.35,213.75,213.86,2971
2026-02-01 12:35:00,213.81,214.99,213.81,214.26,1744
2026-02-01 12:40:00,214.26,215.67,214.26,215.06,1185
2026-02-01 12:45:00,215.06,215.8,214.87,214.87,3161
2026-02-01 12:50:00,214.87,215.79,214.87,215.5,108
2026-02-01 12:55:00,215.5,215.56,214.6,214.6,1490
2026-02-01 13:00:00,214.61,215.5,214.61,215.5,2573
2026-02-01 13:05:00,215.4,215.4,215.0,215.12,389
2026-02-01 13:10:00,215.12,215.76,215.06,215.49,218
2026-02-01 13:15:00,215.77,215.89,215.37,215.38,345
2026-02-01 13:20:00,215.38,215.85,215.1,215.1,500
2026-02-01 13:25:00,215.1,215.46,215.1,215.46,111
2026-02-01 13:30:00,215.43,215.46,214.76,215.11,1065
2026-02-01 13:35:00,215.28,215.89,215.06,215.51,128
2026-02-01 13:40:00,215.89,215.94,215.14,215.39,112
2026-02-01 13:45:00,215.39,215.87,215.19,215.6,125
2026-02-01 13:50:00,215.6,215.87,214.9,215.16,152
2026-02-01 13:55:00,215.16,215.87,215.16,215.52,161
2026-02-01 14:00:00,215.52,215.89,215.43,215.43,70
2026-02-01 14:05:00,215.43,215.65,214.97,214.97,81
2026-02-01 14:10:00,215.01,215.5,214.64,215.0,837
2026-02-01 14:15:00,215.0,215.16,215.0,215.08,125
2026-02-01 14:20:00,215.08,215.12,215.08,215.08,11
2026-02-01 14:25:00,215.08,215.46,215.08,215.15,6
2026-02-01 14:30:00,215.15,215.4,215.09,215.09,335
2026-02-01 14:35:00,215.09,215.09,215.09,215.09,0
2026-02-01 14:40:00,215.09,215.22,215.09,215.2,134
2026-02-01 14:45:00,215.2,215.22,215.1,215.1,111
2026-02-01 14:50:00,215.1,215.24,214.5,214.77,1136
2026-02-01 14:55:00,214.77,214.82,214.25,214.25,2082
2026-02-01 15:00:00,214.25,214.43,214.25,214.34,596
2026-02-01 15:05:00,214.5,215.9,214.29,214.54,4616
2026-02-01 15:10:00,214.55,214.82,214.25,214.55,1984
2026-02-01 15:15:00,214.55,214.55,214.0,214.0,6610
2026-02-01 15:20:00,214.0,214.36,214.0,214.0,1525
2026-02-01 15:25:00,214.0,214.99,214.0,214.0,2076
2026-02-02 09:15:00,213.2,213.65,208.74,210.5,6651
2026-02-02 09:20:00,210.67,212.07,210.25,211.5,3786
2026-02-02 09:25:00,211.5,212.35,211.5,212.11,5310
2026-02-02 09:30:00,212.11,213.31,212.11,212.47,1879
2026-02-02 09:35:00,212.47,213.79,212.47,213.41,1147
2026-02-02 09:40:00,213.41,213.7,213.0,213.5,771
2026-02-02 09:45:00,213.5,213.75,213.5,213.73,37
2026-02-02 09:50:00,213.73,214.02,213.2,213.75,6420
2026-02-02 09:55:00,213.83,214.7,213.83,214.45,3820
2026-02-02 10:00:00,214.45,214.99,214.42,214.45,2360
2026-02-02 10:05:00,214.45,215.59,214.45,215.12,2100
2026-02-02 10:10:00,215.12,215.12,214.76,214.9,4614
2026-02-02 10:15:00,214.9,215.31,214.9,215.08,1280
2026-02-02 10:20:00,215.08,215.25,215.02,215.02,343
2026-02-02 10:25:00,215.02,215.07,214.5,214.56,3661
2026-02-02 10:30:00,214.56,214.94,214.51,214.71,170
2026-02-02 10:35:00,214.71,214.99,214.5,214.58,1206
2026-02-02 10:40:00,214.58,214.89,214.58,214.79,77
2026-02-02 10:45:00,214.78,215.02,214.75,214.81,461
2026-02-02 10:50:00,214.81,215.15,214.75,214.75,806
2026-02-02 10:55:00,214.5,214.5,214.25,214.25,4737
2026-02-02 11:00:00,214.0,214.0,213.65,213.66,7796
2026-02-02 11:05:00,213.66,213.73,212.75,212.94,6653
2026-02-02 11:10:00,212.94,213.5,212.94,213.5,1744
2026-02-02 11:15:00,213.45,213.76,213.31,213.37,577
2026-02-02 11:20:00,213.37,213.37,212.79,212.91,1031
2026-02-02 11:25:00,212.88,213.1,212.75,213.1,442
2026-02-02 11:30:00,213.1,213.82,212.98,213.82,923
2026-02-02 11:35:00,213.82,213.82,213.56,213.56,70
2026-02-02 11:40:00,213.82,213.99,213.73,213.99,139
2026-02-02 11:45:00,213.99,213.99,213.77,213.77,34
2026-02-02 11:50:00,213.77,214.49,213.56,214.49,1477
2026-02-02 11:55:00,214.49,214.49,214.12,214.16,1686
2026-02-02 12:00:00,214.21,214.21,214.16,214.19,73
2026-02-02 12:05:00,214.19,214.23,214.0,214.04,49
2026-02-02 12:10:00,214.04,214.28,214.01,214.13,150
2026-02-02 12:15:00,214.16,214.9,214.1,214.73,3414
2026-02-02 12:20:00,214.73,215.18,214.4,214.59,1483
2026-02-02 12:25:00,214.75,214.75,213.65,213.99,7555
2026-02-02 12:30:00,214.16,214.49,213.86,213.88,771
2026-02-02 12:35:00,213.88,213.97,213.5,213.87,996
2026-02-02 12:40:00,213.87,214.21,213.71,214.21,887
2026-02-02 12:45:00,214.21,214.21,213.92,214.09,46
2026-02-02 12:50:00,214.09,214.09,213.92,213.92,13
2026-02-02 12:55:00,213.92,214.68,213.82,214.57,5902
2026-02-02 13:00:00,214.57,214.79,214.23,214.24,541
2026-02-02 13:05:00,214.24,214.3,214.15,214.29,224
2026-02-02 13:10:00,214.29,214.43,214.29,214.39,241
2026-02-02 13:15:00,214.39,214.9,214.39,214.53,242
2026-02-02 13:20:00,214.53,214.78,214.26,214.43,1923
2026-02-02 13:25:00,214.43,214.84,214.33,214.6,590
2026-02-02 13:30:00,214.6,214.92,214.6,214.71,1087
2026-02-02 13:35:00,214.71,214.71,214.71,214.71,0
2026-02-02 13:40:00,214.71,215.35,214.71,215.07,270
2026-02-02 13:45:00,215.07,215.34,215.0,215.22,128
2026-02-02 13:50:00,215.22,215.5,214.9,215.36,899
2026-02-02 13:55:00,215.36,215.5,215.26,215.5,48
2026-02-02 14:00:00,215.5,215.5,215.08,215.4,653
2026-02-02 14:05:00,215.4,215.4,215.09,215.34,1552
2026-02-02 14:10:00,215.34,217.29,214.97,215.76,16319
2026-02-02 14:15:00,216.03,217.08,215.65,215.65,47678
2026-02-02 14:20:00,215.65,215.98,215.61,215.62,1176
2026-02-02 14:25:00,215.62,215.92,215.5,215.51,1172
2026-02-02 14:30:00,215.51,215.96,214.62,215.19,13720
2026-02-02 14:35:00,215.41,216.31,215.04,216.04,2789
2026-02-02 14:40:00,216.04,216.3,215.82,216.3,8432
2026-02-02 14:45:00,216.3,217.49,216.3,217.31,2103
2026-02-02 14:50:00,217.31,217.63,217.1,217.63,1405
2026-02-02 14:55:00,217.63,218.0,216.37,217.06,1846
2026-02-02 15:00:00,217.06,217.83,216.37,217.33,5600
2026-02-02 15:05:00,217.33,218.82,217.21,218.41,4294
2026-02-02 15:10:00,218.41,218.41,217.55,217.58,1987
2026-02-02 15:15:00,217.58,217.85,217.5,217.62,2172
2026-02-02 15:20:00,217.68,218.0,216.48,217.11,2256
2026-02-02 15:25:00,217.11,217.61,216.67,216.67,2148
2026-02-03 09:15:00,220.8,221.38,218.99,219.43,8010
2026-02-03 09:20:00,219.15,219.4,218.23,218.6,2822
2026-02-03 09:25:00,218.62,218.62,217.44,217.64,1857
2026-02-03 09:30:00,217.64,218.0,217.1,217.48,1940
2026-02-03 09:35:00,217.48,218.19,217.05,217.68,3121
2026-02-03 09:40:00,217.82,217.82,215.1,215.67,3811
2026-02-03 09:45:00,215.14,216.72,215.14,216.65,942
2026-02-03 09:50:00,216.65,216.71,216.45,216.61,706
2026-02-03 09:55:00,216.61,216.61,216.45,216.5,419
2026-02-03 10:00:00,216.5,216.8,216.5,216.52,159
2026-02-03 10:05:00,216.52,216.6,216.51,216.6,71
2026-02-03 10:10:00,216.6,216.6,216.5,216.5,542
2026-02-03 10:15:00,216.5,216.99,216.46,216.79,1691
2026-02-03 10:20:00,216.79,217.14,216.68,216.78,441
2026-02-03 10:25:00,216.78,217.03,216.75,217.03,620
2026-02-03 10:30:00,217.03,217.35,217.0,217.1,753
2026-02-03 10:35:00,217.1,217.28,217.0,217.0,1347
2026-02-03 10:40:00,217.0,217.35,217.0,217.05,509
2026-02-03 10:45:00,217.05,217.05,217.0,217.0,146
2026-02-03 10:50:00,217.0,217.24,217.0,217.0,5141
2026-02-03 10:55:00,217.0,217.05,217.0,217.02,193
2026-02-03 11:00:00,217.02,217.46,217.02,217.2,2060
2026-02-03 11:05:00,217.2,217.4,217.17,217.17,186
2026-02-03 11:10:00,217.22,217.27,217.01,217.05,969
2026-02-03 11:15:00,217.05,217.37,217.0,217.16,146
2026-02-03 11:20:00,217.16,217.35,217.16,217.32,608
2026-02-03 11:25:00,217.32,217.69,217.32,217.37,544
2026-02-03 11:30:00,217.37,217.4,217.36,217.4,238
2026-02-03 11:35:00,217.4,217.51,217.25,217.3,877
2026-02-03 11:40:00,217.3,217.33,217.3,217.33,142
2026-02-03 11:45:00,217.33,217.38,217.31,217.38,94
2026-02-03 11:50:00,217.38,217.64,217.34,217.64,385
2026-02-03 11:55:00,217.41,217.51,217.25,217.51,3846
2026-02-03 12:00:00,217.51,218.34,217.51,218.34,1419
2026-02-03 12:05:00,218.34,218.34,217.31,217.5,4251
2026-02-03 12:10:00,217.5,217.79,217.5,217.53,1256
2026-02-03 12:15:00,217.53,217.6,217.53,217.6,24
2026-02-03 12:20:00,217.6,217.62,217.25,217.3,271
2026-02-03 12:25:00,217.33,217.61,217.29,217.29,292
2026-02-03 12:30:00,217.29,217.5,217.25,217.5,551
2026-02-03 12:35:00,217.5,217.52,217.3,217.3,481
2026-02-03 12:40:00,217.3,217.56,217.27,217.51,2020
2026-02-03 12:45:00,217.51,217.86,217.51,217.86,1186
2026-02-03 12:50:00,217.86,217.86,217.46,217.52,977
2026-02-03 12:55:00,217.52,217.75,217.52,217.75,30
2026-02-03 13:00:00,217.75,217.75,217.38,217.46,361
2026-02-03 13:05:00,217.46,217.46,217.13,217.15,3499
2026-02-03 13:10:00,217.15,217.44,217.15,217.39,352
2026-02-03 13:15:00,217.39,217.39,217.25,217.39,1167
2026-02-03 13:20:00,217.39,217.45,217.39,217.45,38
2026-02-03 13:25:00,217.45,217.5,217.25,217.5,383
2026-02-03 13:30:00,217.5,217.63,217.25,217.34,1304
2026-02-03 13:35:00,217.27,217.67,217.25,217.33,1386
2026-02-03 13:40:00,217.38,217.6,217.25,217.25,382
2026-02-03 13:45:00,217.25,218.39,217.01,218.34,4456
2026-02-03 13:50:00,218.32,218.32,217.01,217.67,19816
2026-02-03 13:55:00,217.67,217.98,217.67,217.85,358
2026-02-03 14:00:00,217.85,217.99,217.76,217.87,1051
2026-02-03 14:05:00,217.87,217.92,217.76,217.91,442
2026-02-03 14:10:00,217.9,218.12,217.79,217.79,869
2026-02-03 14:15:00,217.79,218.32,217.62,218.17,6926
2026-02-03 14:20:00,218.17,218.33,218.17,218.17,324
2026-02-03 14:25:00,218.17,218.38,218.01,218.07,839
2026-02-03 14:30:00,218.07,218.17,218.05,218.05,140
2026-02-03 14:35:00,218.05,218.12,218.05,218.09,120
2026-02-03 14:40:00,218.09,218.29,218.05,218.05,709
2026-02-03 14:45:00,218.13,218.24,218.0,218.0,129
2026-02-03 14:50:00,218.0,218.02,217.72,217.74,1237
2026-02-03 14:55:00,217.74,217.81,217.68,217.68,369
2026-02-03 15:00:00,217.68,219.82,217.68,219.41,10486
2026-02-03 15:05:00,219.41,219.92,218.86,219.59,8120
2026-02-03 15:10:00,219.61,220.0,219.45,219.45,7287
2026-02-03 15:15:00,219.45,220.0,218.91,219.34,9868
2026-02-03 15:20:00,219.48,219.88,218.28,218.41,7442
2026-02-03 15:25:00,218.41,219.99,218.41,218.77,5828
2026-02-04 09:15:00,218.35,218.36,215.02,217.68,9386
2026-02-04 09:20:00,217.59,218.24,217.54,217.81,1137
2026-02-04 09:25:00,217.81,218.71,217.81,218.28,921
2026-02-04 09:30:00,218.28,219.86,218.28,219.01,8442
2026-02-04 09:35:00,219.17,220.41,219.16,220.0,1769
2026-02-04 09:40:00,220.0,220.6,220.0,220.41,1321
2026-02-04 09:45:00,220.41,220.41,220.0,220.02,3656
2026-02-04 09:50:00,220.02,220.5,219.32,219.65,6956
2026-02-04 09:55:00,219.65,219.91,219.65,219.91,482
2026-02-04 10:00:00,219.91,220.13,219.91,220.13,85
2026-02-04 10:05:00,220.13,221.34,219.72,220.18,7586
2026-02-04 10:10:00,220.18,220.45,220.11,220.15,920
2026-02-04 10:15:00,220.15,220.5,219.81,219.94,538
2026-02-04 10:20:00,219.94,219.94,219.54,219.54,196
2026-02-04 10:25:00,219.54,220.35,219.53,220.35,2894
2026-02-04 10:30:00,220.35,220.35,219.63,219.93,1781
2026-02-04 10:35:00,219.93,220.3,219.83,219.86,671
2026-02-04 10:40:00,219.86,219.9,219.1,219.63,3501
2026-02-04 10:45:00,219.63,219.68,219.63,219.68,35
2026-02-04 10:50:00,219.68,219.68,219.53,219.62,124
2026-02-04 10:55:00,219.62,219.62,219.07,219.29,730
2026-02-04 11:00:00,219.01,219.26,219.01,219.05,73
2026-02-04 11:05:00,219.05,219.06,219.05,219.06,17
2026-02-04 11:10:00,219.06,219.06,218.56,218.56,440
2026-02-04 11:15:00,218.56,218.57,218.56,218.56,102
2026-02-04 11:20:00,218.56,218.69,218.48,218.67,6672
2026-02-04 11:25:00,218.67,218.69,218.67,218.68,118
2026-02-04 11:30:00,218.72,218.72,218.72,218.72,6
2026-02-04 11:35:00,218.72,218.76,218.62,218.76,336
2026-02-04 11:40:00,218.76,218.8,218.76,218.8,2
2026-02-04 11:45:00,218.8,218.87,218.8,218.87,460
2026-02-04 11:50:00,218.87,219.5,218.87,219.21,1719
2026-02-04 11:55:00,219.21,221.05,219.21,220.39,3897
2026-02-04 12:00:00,220.39,220.41,220.25,220.25,121
2026-02-04 12:05:00,220.25,220.46,220.22,220.24,99
2026-02-04 12:10:00,220.17,220.43,220.17,220.25,1806
2026-02-04 12:15:00,220.25,220.63,220.23,220.43,1354
2026-02-04 12:20:00,220.44,221.21,220.44,221.21,603
2026-02-04 12:25:00,221.21,222.0,221.21,221.35,1098
2026-02-04 12:30:00,221.35,221.5,221.08,221.3,1390
2026-02-04 12:35:00,221.3,221.3,221.25,221.25,815
2026-02-04 12:40:00,221.25,221.25,221.25,221.25,87
2026-02-04 12:45:00,221.25,221.26,221.25,221.26,2
2026-02-04 12:50:00,221.26,221.26,220.31,220.31,1894
2026-02-04 12:55:00,220.31,220.31,220.2,220.2,235
2026-02-04 13:00:00,220.2,220.55,220.04,220.55,1106
2026-02-04 13:05:00,220.55,220.57,220.41,220.55,5418
2026-02-04 13:10:00,220.55,221.28,220.55,221.2,4217
2026-02-04 13:15:00,221.2,221.2,221.1,221.1,335
2026-02-04 13:20:00,221.1,221.5,221.1,221.18,1279
2026-02-04 13:25:00,221.18,221.18,221.18,221.18,0
2026-02-04 13:30:00,221.18,221.18,220.5,220.5,408
2026-02-04 13:35:00,220.5,220.67,220.5,220.5,983
2026-02-04 13:40:00,220.5,221.22,220.5,220.63,1187
2026-02-04 13:45:00,220.63,221.05,220.46,220.82,17250
2026-02-04 13:50:00,220.82,221.14,220.65,220.65,130
2026-02-04 13:55:00,220.65,220.81,220.62,220.81,503
2026-02-04 14:00:00,220.81,221.2,220.81,220.94,1318
2026-02-04 14:05:00,220.94,221.21,220.75,220.8,1175
2026-02-04 14:10:00,220.8,221.1,220.8,220.91,35
2026-02-04 14:15:00,220.91,221.11,220.41,220.41,185
2026-02-04 14:20:00,220.41,221.06,220.3,220.89,3579
2026-02-04 14:25:00,220.89,221.3,220.89,221.01,1348
2026-02-04 14:30:00,221.01,221.81,220.59,221.23,9564
2026-02-04 14:35:00,221.23,221.33,220.67,220.73,5999
2026-02-04 14:40:00,220.73,220.76,220.73,220.76,1429
2026-02-04 14:45:00,220.76,220.97,220.5,220.97,4583
2026-02-04 14:50:00,221.12,221.19,220.51,220.91,7069
2026-02-04 14:55:00,220.91,221.27,220.67,220.72,2546
2026-02-04 15:00:00,221.1,223.69,220.86,222.63,12813
2026-02-04 15:05:00,222.59,224.0,222.45,223.05,23166
2026-02-04 15:10:00,223.05,224.36,222.83,223.62,19496
2026-02-04 15:15:00,223.73,224.0,222.85,223.96,12454
2026-02-04 15:20:00,223.96,224.18,223.37,223.41,8301
2026-02-04 15:25:00,223.41,224.0,222.0,222.0,5269
2026-02-05 09:15:00,221.3,222.88,219.0,221.35,28078
2026-02-05 09:20:00,222.18,225.2,222.15,225.1,14977
2026-02-05 09:25:00,225.1,225.75,223.63,223.86,14176
2026-02-05 09:30:00,223.86,224.13,222.64,223.25,6252
2026-02-05 09:35:00,223.25,224.47,222.91,223.4,9065
2026-02-05 09:40:00,223.4,223.4,222.4,222.4,3419
2026-02-05 09:45:00,222.4,222.42,222.0,222.0,2217
2026-02-05 09:50:00,222.0,222.77,222.0,222.28,2973
2026-02-05 09:55:00,222.28,222.62,222.28,222.46,328
2026-02-05 10:00:00,222.46,222.46,222.28,222.28,215
2026-02-05 10:05:00,222.28,222.52,222.1,222.1,2377
2026-02-05 10:10:00,222.1,222.32,222.1,222.32,151
2026-02-05 10:15:00,222.32,222.62,222.32,222.62,35
2026-02-05 10:20:00,222.62,223.0,222.27,222.31,752
2026-02-05 10:25:00,222.31,222.44,222.0,222.0,1415
2026-02-05 10:30:00,222.0,222.0,221.32,221.33,2234
2026-02-05 10:35:00,221.33,221.33,220.2,220.21,4271
2026-02-05 10:40:00,220.21,220.21,219.5,219.5,1813
2026-02-05 10:45:00,219.86,219.86,219.19,219.22,1333
2026-02-05 10:50:00,219.22,219.49,219.05,219.05,887
2026-02-05 10:55:00,219.05,219.05,218.5,218.8,1278
2026-02-05 11:00:00,218.8,218.8,218.8,218.8,140
2026-02-05 11:05:00,218.8,218.85,218.8,218.85,173
2026-02-05 11:10:00,218.88,219.0,218.8,219.0,248
2026-02-05 11:15:00,219.2,219.5,219.0,219.3,854
2026-02-05 11:20:00,219.3,220.31,219.3,220.31,930
2026-02-05 11:25:00,220.31,220.31,220.05,220.24,459
2026-02-05 11:30:00,220.24,220.42,220.12,220.13,456
2026-02-05 11:35:00,220.22,220.23,219.58,219.58,896
2026-02-05 11:40:00,219.57,220.51,219.51,220.05,1421
2026-02-05 11:45:00,220.05,220.06,219.61,219.61,304
2026-02-05 11:50:00,219.6,220.14,219.51,220.03,965
2026-02-05 11:55:00,220.03,220.2,219.91,219.91,554
2026-02-05 12:00:00,219.91,220.66,219.75,219.95,1147
2026-02-05 12:05:00,219.95,220.25,219.61,219.64,454
2026-02-05 12:10:00,219.66,220.43,219.65,220.29,860
2026-02-05 12:15:00,219.98,219.98,219.5,219.5,337
2026-02-05 12:20:00,219.5,219.72,219.5,219.6,307
2026-02-05 12:25:00,219.56,219.92,219.51,219.51,929
2026-02-05 12:30:00,219.51,220.37,219.5,219.58,791
2026-02-05 12:35:00,219.59,220.27,219.52,220.27,520
2026-02-05 12:40:00,220.28,220.3,220.08,220.1,304
2026-02-05 12:45:00,220.11,220.48,219.63,219.68,591
2026-02-05 12:50:00,219.64,222.41,219.63,221.29,9038
2026-02-05 12:55:00,221.29,221.65,221.27,221.29,1071
2026-02-05 13:00:00,221.29,221.29,221.2,221.2,577
2026-02-05 13:05:00,221.2,221.42,221.2,221.21,553
2026-02-05 13:10:00,221.2,221.6,221.2,221.21,432
2026-02-05 13:15:00,221.2,221.8,221.2,221.61,678
2026-02-05 13:20:00,221.61,221.61,221.61,221.61,322
2026-02-05 13:25:00,221.61,221.61,221.2,221.36,3740
2026-02-05 13:30:00,221.35,221.64,221.2,221.2,366
2026-02-05 13:35:00,221.3,221.34,221.2,221.2,477
2026-02-05 13:40:00,221.2,221.72,221.2,221.39,493
2026-02-05 13:45:00,221.28,221.57,221.2,221.22,768
2026-02-05 13:50:00,221.2,221.31,221.2,221.2,507
2026-02-05 13:55:00,221.2,221.23,221.2,221.2,303
2026-02-05 14:00:00,221.2,221.31,221.2,221.2,970
2026-02-05 14:05:00,221.2,221.37,221.2,221.2,2120
2026-02-05 14:10:00,221.2,221.21,221.2,221.2,514
2026-02-05 14:15:00,221.2,221.38,221.16,221.23,617
2026-02-05 14:20:00,221.23,221.3,221.2,221.3,797
2026-02-05 14:25:00,221.3,221.3,221.2,221.2,475
2026-02-05 14:30:00,221.2,221.65,221.2,221.65,1029
2026-02-05 14:35:00,221.65,222.21,221.65,221.91,1625
2026-02-05 14:40:00,221.91,222.06,221.74,222.06,535
2026-02-05 14:45:00,222.06,222.27,222.0,222.06,707
2026-02-05 14:50:00,222.4,222.46,222.0,222.0,1445
2026-02-05 14:55:00,222.0,222.19,222.0,222.06,1067
2026-02-05 15:00:00,222.06,222.06,222.01,222.03,879
2026-02-05 15:05:00,222.03,222.98,221.68,222.09,11043
2026-02-05 15:10:00,222.09,222.47,222.01,222.19,3779
2026-02-05 15:15:00,222.19,222.66,222.0,222.03,7597
2026-02-05 15:20:00,222.03,222.84,222.0,222.01,6595
2026-02-05 15:25:00,222.01,223.0,222.0,223.0,9305
2026-02-06 09:15:00,222.0,223.0,218.36,219.49,12417
2026-02-06 09:20:00,219.49,220.0,218.5,219.58,6979
2026-02-06 09:25:00,219.3,220.05,219.04,219.41,5350
2026-02-06 09:30:00,219.41,220.47,219.3,219.3,1344
2026-02-06 09:35:00,219.3,219.8,219.0,219.8,490
2026-02-06 09:40:00,219.8,219.8,218.75,218.75,1243
2026-02-06 09:45:00,218.75,219.67,218.75,219.29,420
2026-02-06 09:50:00,219.29,219.46,218.97,219.01,3640
2026-02-06 09:55:00,219.01,219.01,218.66,218.77,363
2026-02-06 10:00:00,218.77,220.12,218.77,219.66,3153
2026-02-06 10:05:00,219.66,220.0,219.66,219.85,384
2026-02-06 10:10:00,219.85,219.97,219.22,219.97,288
2026-02-06 10:15:00,219.97,219.97,219.27,219.37,523
2026-02-06 10:20:00,219.37,219.71,219.31,219.31,130
2026-02-06 10:25:00,219.31,220.75,219.28,220.29,2747
2026-02-06 10:30:00,220.29,221.52,220.29,221.52,2471
2026-02-06 10:35:00,221.3,222.0,220.54,220.54,4346
2026-02-06 10:40:00,220.54,221.31,220.27,220.35,2374
2026-02-06 10:45:00,220.35,220.55,220.15,220.18,323
2026-02-06 10:50:00,220.18,220.6,220.1,220.1,1022
2026-02-06 10:55:00,220.1,220.1,220.1,220.1,279
2026-02-06 11:00:00,220.1,220.73,220.1,220.56,918
2026-02-06 11:05:00,220.56,221.75,220.56,221.28,5844
2026-02-06 11:10:00,221.57,221.57,221.33,221.34,316
2026-02-06 11:15:00,221.34,221.35,220.5,220.72,3560
2026-02-06 11:20:00,220.72,221.48,220.72,220.97,460
2026-02-06 11:25:00,220.97,221.41,220.81,221.03,315
2026-02-06 11:30:00,221.03,222.19,220.85,221.9,2494
2026-02-06 11:35:00,221.9,222.18,221.32,221.92,8880
2026-02-06 11:40:00,221.92,222.09,221.46,221.46,338
2026-02-06 11:45:00,221.46,222.32,221.46,221.88,450
2026-02-06 11:50:00,221.88,221.92,221.61,221.61,259
2026-02-06 11:55:00,221.61,222.14,221.61,222.14,303
2026-02-06 12:00:00,222.14,222.5,222.14,222.2,187
2026-02-06 12:05:00,222.2,223.15,222.02,222.54,7836
2026-02-06 12:10:00,222.54,223.08,222.15,222.29,311
2026-02-06 12:15:00,222.29,222.29,221.93,221.93,1426
2026-02-06 12:20:00,221.82,222.23,221.81,221.97,316
2026-02-06 12:25:00,221.97,222.95,221.92,221.93,1525
2026-02-06 12:30:00,221.93,222.18,221.46,221.46,1037
2026-02-06 12:35:00,221.46,221.62,221.46,221.46,469
2026-02-06 12:40:00,221.46,221.46,221.46,221.46,957
2026-02-06 12:45:00,221.46,221.46,221.01,221.01,1157
2026-02-06 12:50:00,221.01,221.5,221.01,221.14,572
2026-02-06 12:55:00,221.14,221.25,221.01,221.25,259
2026-02-06 13:00:00,221.25,221.57,221.04,221.04,257
2026-02-06 13:05:00,221.04,221.3,221.0,221.0,730
2026-02-06 13:10:00,221.0,221.78,221.0,221.6,1832
2026-02-06 13:15:00,221.33,221.75,221.32,221.67,4420
2026-02-06 13:20:00,221.67,223.21,221.27,221.7,4040
2026-02-06 13:25:00,221.74,221.95,221.39,221.42,1561
2026-02-06 13:30:00,221.42,221.62,221.29,221.29,185
2026-02-06 13:35:00,221.29,221.52,221.29,221.52,257
2026-02-06 13:40:00,221.52,222.3,221.52,221.67,1780
2026-02-06 13:45:00,221.67,221.71,221.17,221.6,2679
2026-02-06 13:50:00,221.6,221.88,221.6,221.65,25
2026-02-06 13:55:00,221.65,221.9,221.28,221.54,943
2026-02-06 14:00:00,221.54,222.3,221.54,221.83,337
2026-02-06 14:05:00,221.83,221.95,221.49,221.62,885
2026-02-06 14:10:00,221.62,222.3,221.62,222.3,830
2026-02-06 14:15:00,222.3,237.0,222.29,232.8,237382
2026-02-06 14:20:00,235.0,243.44,231.32,233.92,795421
2026-02-06 14:25:00,233.54,235.45,226.24,228.0,490757
2026-02-06 14:30:00,227.76,228.0,223.0,224.16,377207
2026-02-06 14:35:00,223.73,225.63,223.2,225.41,129508
2026-02-06 14:40:00,225.22,225.97,224.2,224.2,84973
2026-02-06 14:45:00,224.13,224.73,221.1,221.1,150588
2026-02-06 14:50:00,221.21,221.55,219.0,220.1,121687
2026-02-06 14:55:00,220.29,221.5,218.0,218.25,96101
2026-02-06 15:00:00,218.7,219.1,215.25,216.61,134784
2026-02-06 15:05:00,216.61,217.91,216.4,216.55,82808
2026-02-06 15:10:00,216.56,217.4,215.6,215.82,99806
2026-02-06 15:15:00,215.92,216.99,213.05,215.0,187544
2026-02-06 15:20:00,215.62,215.77,210.6,212.6,95201
2026-02-06 15:25:00,212.6,213.98,210.4,212.0,75460
2026-02-09 09:15:00,216.99,217.55,211.4,212.32,154284
2026-02-09 09:20:00,211.9,213.15,211.75,211.93,66681
2026-02-09 09:25:00,211.93,212.75,211.9,212.2,21995
2026-02-09 09:30:00,212.2,212.4,211.2,211.31,44135
2026-02-09 09:35:00,211.38,211.38,210.2,211.2,36168
2026-02-09 09:40:00,211.2,211.55,210.75,211.52,8161
2026-02-09 09:45:00,211.37,211.64,211.05,211.05,12561
2026-02-09 09:50:00,211.05,212.27,211.05,212.06,14698
2026-02-09 09:55:00,212.06,212.73,212.03,212.43,13845
2026-02-09 10:00:00,212.43,212.45,212.17,212.35,5449
2026-02-09 10:05:00,212.35,212.58,212.35,212.4,8040
2026-02-09 10:10:00,212.35,212.41,212.3,212.3,4672
2026-02-09 10:15:00,212.3,212.39,212.0,212.0,5656
2026-02-09 10:20:00,212.0,212.48,212.0,212.47,3953
2026-02-09 10:25:00,212.47,212.74,212.33,212.44,1347
2026-02-09 10:30:00,212.44,213.0,212.3,212.79,7121
2026-02-09 10:35:00,212.93,212.93,212.5,212.75,5727
2026-02-09 10:40:00,212.75,212.89,212.59,212.86,1738
2026-02-09 10:45:00,212.86,212.95,212.75,212.9,9147
2026-02-09 10:50:00,212.9,213.2,212.9,213.11,12862
2026-02-09 10:55:00,213.12,213.4,212.75,212.75,16547
2026-02-09 11:00:00,212.83,213.32,212.56,212.73,7365
2026-02-09 11:05:00,212.73,212.85,212.56,212.56,1464
2026-02-09 11:10:00,212.74,212.75,212.52,212.66,3634
2026-02-09 11:15:00,212.66,213.74,212.66,213.61,7377
2026-02-09 11:20:00,213.58,213.86,213.24,213.36,8216
2026-02-09 11:25:00,213.36,213.46,213.3,213.3,950
2026-02-09 11:30:00,213.3,213.3,212.83,213.0,15661
2026-02-09 11:35:00,213.0,214.18,213.0,213.8,24964
2026-02-09 11:40:00,213.8,213.95,213.25,213.83,3913
2026-02-09 11:45:00,213.8,214.31,213.66,214.2,4051
2026-02-09 11:50:00,214.2,215.53,214.12,215.21,22258
2026-02-09 11:55:00,215.39,218.53,215.21,217.24,132427
2026-02-09 12:00:00,217.21,217.89,217.2,217.71,12797
2026-02-09 12:05:00,217.8,218.46,217.5,218.22,31249
2026-02-09 12:10:00,218.4,219.0,218.19,218.7,20371
2026-02-09 12:15:00,218.7,218.9,218.0,218.0,19462
2026-02-09 12:20:00,218.0,218.05,217.22,217.53,18684
2026-02-09 12:25:00,217.5,218.46,217.37,218.32,8616
2026-02-09 12:30:00,218.32,218.43,217.55,217.84,4066
2026-02-09 12:35:00,217.64,218.2,217.59,218.0,6012
2026-02-09 12:40:00,218.0,219.1,217.83,219.0,32017
2026-02-09 12:45:00,218.7,220.0,218.67,219.25,31375
2026-02-09 12:50:00,219.26,219.52,219.01,219.06,7989
2026-02-09 12:55:00,219.06,219.63,218.8,219.63,10898
2026-02-09 13:00:00,219.63,220.0,219.39,219.41,20463
2026-02-09 13:05:00,219.41,220.26,218.31,218.48,61447
2026-02-09 13:10:00,218.48,218.95,218.48,218.63,4200
2026-02-09 13:15:00,218.63,219.56,218.63,219.43,5049
2026-02-09 13:20:00,219.43,219.73,219.18,219.2,10073
2026-02-09 13:25:00,219.2,219.64,219.0,219.18,30849
2026-02-09 13:30:00,219.19,220.73,219.19,219.61,43302
2026-02-09 13:35:00,220.0,222.7,219.94,222.62,50396
2026-02-09 13:40:00,222.84,223.14,222.11,222.2,57329
2026-02-09 13:45:00,222.2,223.24,222.2,222.52,79040
2026-02-09 13:50:00,222.61,225.0,222.53,224.58,75711
2026-02-09 13:55:00,224.56,226.75,224.56,226.2,103215
2026-02-09 14:00:00,226.2,227.6,225.01,225.51,161279
2026-02-09 14:05:00,225.51,226.29,220.4,221.12,144538
2026-02-09 14:10:00,221.08,222.4,220.63,221.75,28164
2026-02-09 14:15:00,221.8,221.9,221.3,221.74,19219
2026-02-09 14:20:00,221.74,221.74,221.0,221.39,13118
2026-02-09 14:25:00,221.39,221.78,221.31,221.55,9390
2026-02-09 14:30:00,221.55,221.55,221.35,221.35,6795
2026-02-09 14:35:00,221.35,221.42,220.34,220.91,29752
2026-02-09 14:40:00,220.91,221.33,220.91,221.09,3701
2026-02-09 14:45:00,221.09,221.11,220.95,221.07,2355
2026-02-09 14:50:00,221.07,221.55,221.07,221.07,3136
2026-02-09 14:55:00,221.07,222.01,221.04,222.01,7360
2026-02-09 15:00:00,222.01,223.04,221.54,221.71,22451
2026-02-09 15:05:00,221.71,222.35,221.63,222.14,8858
2026-02-09 15:10:00,222.27,222.5,220.98,221.12,20746
2026-02-09 15:15:00,221.14,222.0,220.35,221.35,31305
2026-02-09 15:20:00,221.36,221.69,221.3,221.3,25696
2026-02-09 15:25:00,221.4,221.4,220.1,220.5,33665
2026-02-10 09:15:00,219.85,221.0,217.07,220.65,93920
2026-02-10 09:20:00,220.65,220.65,219.57,220.11,12201
2026-02-10 09:25:00,220.11,220.16,219.72,219.82,5644
2026-02-10 09:30:00,219.85,220.09,219.51,219.51,13673
2026-02-10 09:35:00,219.51,219.57,218.5,218.93,13812
2026-02-10 09:40:00,219.0,219.37,218.67,218.71,24130
2026-02-10 09:45:00,218.71,218.92,218.61,218.61,2482
2026-02-10 09:50:00,218.61,218.75,218.61,218.7,1427
2026-02-10 09:55:00,218.7,218.7,217.51,217.79,25479
2026-02-10 10:00:00,217.79,217.91,216.24,216.76,16222
2026-02-10 10:05:00,216.76,217.06,216.38,216.73,12278
2026-02-10 10:10:00,216.73,217.44,216.7,217.25,10290
2026-02-10 10:15:00,217.25,217.25,216.86,217.03,6794
2026-02-10 10:20:00,217.04,217.25,216.9,217.02,5826
2026-02-10 10:25:00,217.02,217.24,217.02,217.15,1779
2026-02-10 10:30:00,217.15,217.5,217.0,217.15,7281
2026-02-10 10:35:00,217.15,217.21,216.2,216.5,19680
2026-02-10 10:40:00,216.5,216.78,216.24,216.67,7436
2026-02-10 10:45:00,216.65,216.88,216.5,216.67,743
2026-02-10 10:50:00,216.67,217.21,216.67,216.83,2977
2026-02-10 10:55:00,216.83,217.28,216.83,217.03,1004
2026-02-10 11:00:00,217.03,217.1,217.02,217.1,165
2026-02-10 11:05:00,217.26,217.63,217.12,217.6,4555
2026-02-10 11:10:00,217.6,217.96,217.6,217.75,2937
2026-02-10 11:15:00,217.77,217.81,217.11,217.4,3954
2026-02-10 11:20:00,217.4,217.4,217.17,217.32,378
2026-02-10 11:25:00,217.32,217.82,217.32,217.63,5321
2026-02-10 11:30:00,217.63,217.68,217.42,217.56,10119
2026-02-10 11:35:00,217.56,217.57,217.1,217.15,5005
2026-02-10 11:40:00,217.15,217.37,216.81,216.81,6749
2026-02-10 11:45:00,216.82,216.87,216.5,216.67,4188
2026-02-10 11:50:00,216.71,216.75,216.7,216.72,220
2026-02-10 11:55:00,216.72,217.18,216.72,217.01,4542
2026-02-10 12:00:00,217.01,217.16,216.78,216.78,1286
2026-02-10 12:05:00,216.78,216.85,216.7,216.72,500
2026-02-10 12:10:00,216.72,217.21,216.72,217.21,8387
2026-02-10 12:15:00,217.21,217.29,217.0,217.0,4287
2026-02-10 12:20:00,217.0,217.17,217.0,217.01,979
2026-02-10 12:25:00,217.01,217.21,217.01,217.05,2491
2026-02-10 12:30:00,217.05,217.88,217.05,217.49,5888
2026-02-10 12:35:00,217.55,217.99,217.29,217.47,20082
2026-02-10 12:40:00,217.47,217.59,217.47,217.53,864
2026-02-10 12:45:00,217.53,218.36,217.43,218.24,8955
2026-02-10 12:50:00,218.24,218.49,218.24,218.47,1041
2026-02-10 12:55:00,218.47,218.7,218.34,218.44,8591
2026-02-10 13:00:00,218.44,218.62,218.38,218.4,854
2026-02-10 13:05:00,218.4,218.5,218.3,218.43,1646
2026-02-10 13:10:00,218.43,218.43,218.28,218.28,353
2026-02-10 13:15:00,218.28,218.3,218.0,218.0,3534
2026-02-10 13:20:00,218.0,218.27,218.0,218.11,1089
2026-02-10 13:25:00,218.11,218.21,218.1,218.12,798
2026-02-10 13:30:00,218.12,218.39,218.04,218.39,1882
2026-02-10 13:35:00,218.39,218.39,218.01,218.11,467
2026-02-10 13:40:00,218.11,218.43,218.04,218.26,2931
2026-02-10 13:45:00,218.26,218.3,218.11,218.11,555
2026-02-10 13:50:00,218.11,218.55,218.11,218.24,3731
2026-02-10 13:55:00,218.24,218.65,218.24,218.5,1773
2026-02-10 14:00:00,218.5,218.5,218.15,218.16,5702
2026-02-10 14:05:00,218.16,218.23,218.11,218.21,1683
2026-02-10 14:10:00,218.21,218.41,218.15,218.24,1329
2026-02-10 14:15:00,218.22,218.45,218.22,218.45,198
2026-02-10 14:20:00,218.5,218.5,218.29,218.29,741
2026-02-10 14:25:00,218.29,218.44,218.25,218.43,1833
2026-02-10 14:30:00,218.43,218.43,218.26,218.26,894
2026-02-10 14:35:00,218.26,218.26,217.75,217.78,9774
2026-02-10 14:40:00,217.78,218.2,217.76,217.79,14313
2026-02-10 14:45:00,217.93,219.15,217.88,218.7,13729
2026-02-10 14:50:00,218.7,219.5,218.49,218.96,7899
2026-02-10 14:55:00,218.96,218.96,218.5,218.52,4349
2026-02-10 15:00:00,218.52,219.0,218.27,218.57,9027
2026-02-10 15:05:00,218.57,218.57,218.35,218.36,4571
2026-02-10 15:10:00,218.35,218.49,218.14,218.37,2714
2026-02-10 15:15:00,218.37,218.52,217.75,217.76,11813
2026-02-10 15:20:00,217.76,218.72,217.76,218.72,25002
2026-02-10 15:25:00,218.7,219.17,218.1,218.1,28067
2026-02-11 09:15:00,219.9,219.9,217.28,218.36,16680
2026-02-11 09:20:00,218.36,218.4,217.48,217.48,3000
2026-02-11 09:25:00,217.48,217.99,217.23,217.85,2798
2026-02-11 09:30:00,217.85,217.85,217.02,217.37,4886
2026-02-11 09:35:00,217.37,217.37,216.51,216.73,11516
2026-02-11 09:40:00,216.97,217.08,216.7,217.08,5788
2026-02-11 09:45:00,217.08,218.24,217.08,218.24,3031
2026-02-11 09:50:00,218.24,218.47,218.11,218.47,2320
2026-02-11 09:55:00,218.47,219.13,218.47,219.1,7353
2026-02-11 10:00:00,219.1,219.1,218.7,219.0,2787
2026-02-11 10:05:00,219.0,219.15,218.57,218.57,2452
2026-02-11 10:10:00,218.57,218.97,218.34,218.75,2871
2026-02-11 10:15:00,218.75,218.75,218.11,218.11,919
2026-02-11 10:20:00,218.11,218.11,217.5,217.62,2544
2026-02-11 10:25:00,217.62,217.97,217.5,217.5,180
2026-02-11 10:30:00,217.5,217.61,217.5,217.5,1993
2026-02-11 10:35:00,217.5,217.5,217.5,217.5,0
2026-02-11 10:40:00,217.5,217.54,217.5,217.53,99
2026-02-11 10:45:00,217.53,217.84,217.53,217.7,650
2026-02-11 10:50:00,217.7,217.9,217.55,217.6,5085
2026-02-11 10:55:00,217.6,217.87,217.6,217.6,415
2026-02-11 11:00:00,217.6,217.65,217.55,217.55,597
2026-02-11 11:05:00,217.55,217.65,217.25,217.25,4727
2026-02-11 11:10:00,217.25,217.55,217.25,217.55,3508
2026-02-11 11:15:00,217.55,217.92,217.55,217.56,145
2026-02-11 11:20:00,217.56,217.68,217.5,217.68,356
2026-02-11 11:25:00,217.68,217.8,217.5,217.58,1761
2026-02-11 11:30:00,217.58,217.6,217.58,217.6,14
2026-02-11 11:35:00,217.6,217.61,217.25,217.31,2293
2026-02-11 11:40:00,217.31,217.47,217.28,217.28,41
2026-02-11 11:45:00,217.28,217.34,217.28,217.34,114
2026-02-11 11:50:00,217.34,217.5,217.28,217.28,3062
2026-02-11 11:55:00,217.28,217.49,217.01,217.14,1606
2026-02-11 12:00:00,217.14,217.14,217.03,217.1,1162
2026-02-11 12:05:00,217.1,217.16,217.02,217.04,1362
2026-02-11 12:10:00,217.04,217.35,217.04,217.11,14
2026-02-11 12:15:00,217.11,217.12,217.08,217.12,291
2026-02-11 12:20:00,217.01,217.1,217.01,217.01,650
2026-02-11 12:25:00,217.01,217.1,217.0,217.1,11566
2026-02-11 12:30:00,217.1,217.11,217.07,217.07,573
2026-02-11 12:35:00,217.07,217.11,216.75,216.75,4355
2026-02-11 12:40:00,216.75,216.98,216.75,216.98,295
2026-02-11 12:45:00,216.98,217.14,216.76,217.11,11714
2026-02-11 12:50:00,217.11,217.35,217.03,217.12,4692
2026-02-11 12:55:00,217.12,217.99,217.12,217.98,5132
2026-02-11 13:00:00,217.98,217.98,217.2,217.2,7716
2026-02-11 13:05:00,217.2,217.49,217.1,217.3,616
2026-02-11 13:10:00,217.3,217.43,217.19,217.19,420
2026-02-11 13:15:00,217.19,217.21,217.11,217.2,1471
2026-02-11 13:20:00,217.2,217.44,217.2,217.26,351
2026-02-11 13:25:00,217.26,217.78,217.26,217.59,8895
2026-02-11 13:30:00,217.59,218.13,217.59,218.0,7312
2026-02-11 13:35:00,218.0,218.85,217.97,218.5,33688
2026-02-11 13:40:00,218.55,218.74,218.07,218.16,11239
2026-02-11 13:45:00,218.16,218.29,217.83,217.83,1328
2026-02-11 13:50:00,217.83,218.11,217.75,218.0,4361
2026-02-11 13:55:00,218.0,218.26,217.85,218.0,3788
2026-02-11 14:00:00,217.99,218.13,217.88,217.9,3423
2026-02-11 14:05:00,217.9,218.09,217.75,217.85,8014
2026-02-11 14:10:00,217.85,218.34,217.85,218.18,7480
2026-02-11 14:15:00,218.18,218.39,218.09,218.28,1619
2026-02-11 14:20:00,218.4,218.4,218.0,218.05,2699
2026-02-11 14:25:00,218.05,218.13,218.0,218.04,3821
2026-02-11 14:30:00,218.04,218.15,217.96,217.96,4872
2026-02-11 14:35:00,217.96,218.69,217.96,218.03,4033
2026-02-11 14:40:00,218.03,218.23,218.01,218.02,2067
2026-02-11 14:45:00,218.02,218.5,218.02,218.46,9272
2026-02-11 14:50:00,218.46,219.01,218.46,218.8,11890
2026-02-11 14:55:00,218.8,219.12,218.8,219.0,3740
2026-02-11 15:00:00,219.0,219.45,218.86,219.09,7331
2026-02-11 15:05:00,219.09,219.37,219.04,219.3,3875
2026-02-11 15:10:00,219.29,219.6,219.29,219.41,11720
2026-02-11 15:15:00,219.41,219.57,219.03,219.54,10090
2026-02-11 15:20:00,219.54,219.69,219.08,219.37,4899
2026-02-11 15:25:00,219.37,219.37,218.75,218.75,11841
2026-02-12 09:15:00,219.0,219.3,215.55,217.42,16037
2026-02-12 09:20:00,217.42,217.9,217.42,217.54,2563
2026-02-12 09:25:00,217.54,218.13,217.4,217.4,4298
2026-02-12 09:30:00,217.4,217.92,217.18,217.61,12047
2026-02-12 09:35:00,217.55,218.85,217.51,218.85,4441
2026-02-12 09:40:00,218.59,219.09,218.45,219.09,10546
2026-02-12 09:45:00,218.87,218.98,218.11,218.4,3650
2026-02-12 09:50:00,218.4,218.6,218.0,218.18,3800
2026-02-12 09:55:00,218.18,218.58,218.14,218.14,1733
2026-02-12 10:00:00,218.14,218.44,218.04,218.22,520
2026-02-12 10:05:00,218.22,218.25,217.75,217.8,4222
2026-02-12 10:10:00,217.8,218.19,217.75,217.96,304
2026-02-12 10:15:00,217.96,218.44,217.9,217.94,3533
2026-02-12 10:20:00,217.94,218.3,217.76,218.3,3305
2026-02-12 10:25:00,218.3,218.31,218.03,218.13,301
2026-02-12 10:30:00,218.13,218.37,217.75,217.89,3628
2026-02-12 10:35:00,217.9,218.09,217.9,217.95,2328
2026-02-12 10:40:00,217.95,218.18,217.79,218.04,3183
2026-02-12 10:45:00,218.04,218.04,217.5,217.5,6559
2026-02-12 10:50:00,217.5,218.45,217.5,217.73,8672
2026-02-12 10:55:00,217.73,218.22,217.73,217.75,2241
2026-02-12 11:00:00,217.75,217.93,217.65,217.65,2738
2026-02-12 11:05:00,217.65,218.7,217.53,218.31,14871
2026-02-12 11:10:00,218.19,218.48,218.01,218.02,2563
2026-02-12 11:15:00,218.02,218.18,218.01,218.07,4428
2026-02-12 11:20:00,218.07,218.25,218.02,218.09,1367
2026-02-12 11:25:00,218.09,218.21,218.09,218.11,458
2026-02-12 11:30:00,218.11,218.48,218.01,218.11,2029
2026-02-12 11:35:00,218.11,218.25,218.11,218.12,722
2026-02-12 11:40:00,218.12,218.41,218.12,218.17,1068
2026-02-12 11:45:00,218.17,218.47,218.12,218.15,735
2026-02-12 11:50:00,218.15,218.35,218.01,218.01,14350
2026-02-12 11:55:00,218.01,218.43,218.01,218.05,5360
2026-02-12 12:00:00,218.05,218.47,218.05,218.1,841
2026-02-12 12:05:00,218.1,218.23,218.01,218.01,1084
2026-02-12 12:10:00,218.01,218.29,218.01,218.24,45
2026-02-12 12:15:00,218.24,218.33,218.07,218.1,327
2026-02-12 12:20:00,218.1,218.21,218.08,218.1,239
2026-02-12 12:25:00,218.1,218.2,218.1,218.15,38
2026-02-12 12:30:00,218.15,218.2,218.1,218.1,1191
2026-02-12 12:35:00,218.1,218.13,218.1,218.1,47
2026-02-12 12:40:00,218.1,218.13,218.01,218.01,311
2026-02-12 12:45:00,218.01,218.21,218.01,218.01,968
2026-02-12 12:50:00,218.01,218.18,218.01,218.02,454
2026-02-12 12:55:00,218.02,218.54,218.01,218.19,5682
2026-02-12 13:00:00,218.19,218.45,218.19,218.23,80
2026-02-12 13:05:00,218.23,218.44,218.23,218.31,57
2026-02-12 13:10:00,218.31,218.57,218.2,218.2,1099
2026-02-12 13:15:00,218.2,218.48,218.06,218.06,3727
2026-02-12 13:20:00,218.06,218.45,218.06,218.25,375
2026-02-12 13:25:00,218.25,218.69,218.25,218.31,966
2026-02-12 13:30:00,218.31,218.52,218.25,218.25,393
2026-02-12 13:35:00,218.25,218.48,218.25,218.25,223
2026-02-12 13:40:00,218.25,218.41,218.25,218.25,1142
2026-02-12 13:45:00,218.25,218.37,218.25,218.25,545
2026-02-12 13:50:00,218.25,218.3,218.25,218.25,3309
2026-02-12 13:55:00,218.25,218.3,218.25,218.25,344
2026-02-12 14:00:00,218.25,218.5,218.25,218.25,2656
2026-02-12 14:05:00,218.25,218.63,218.25,218.31,1117
2026-02-12 14:10:00,218.31,219.7,218.3,219.16,10187
2026-02-12 14:15:00,218.92,219.59,218.71,219.49,3847
2026-02-12 14:20:00,219.49,219.96,219.26,219.72,6110
2026-02-12 14:25:00,219.72,220.0,219.45,219.74,8105
2026-02-12 14:30:00,219.7,220.8,219.51,220.32,20370
2026-02-12 14:35:00,220.31,220.31,219.52,219.53,2234
2026-02-12 14:40:00,219.53,220.16,219.53,219.91,2407
2026-02-12 14:45:00,219.91,220.11,219.5,219.7,6609
2026-02-12 14:50:00,219.72,220.1,219.67,219.68,2835
2026-02-12 14:55:00,219.68,220.03,219.66,219.77,7541
2026-02-12 15:00:00,219.54,219.74,219.03,219.03,7443
2026-02-12 15:05:00,219.19,219.19,218.85,218.87,6151
2026-02-12 15:10:00,218.87,218.97,218.54,218.68,5036
2026-02-12 15:15:00,218.67,218.82,218.3,218.82,7125
2026-02-12 15:20:00,218.82,219.54,218.34,218.34,9143
2026-02-12 15:25:00,218.34,219.5,218.29,219.5,6782
2026-02-13 09:15:00,217.1,217.11,214.95,215.49,10080
2026-02-13 09:20:00,215.49,215.78,215.2,215.45,5749
2026-02-13 09:25:00,215.45,216.1,215.45,216.1,2122
2026-02-13 09:30:00,215.9,215.98,215.26,215.26,8379
2026-02-13 09:35:00,215.26,215.55,214.75,214.75,19881
2026-02-13 09:40:00,214.75,215.85,214.75,215.65,3698
2026-02-13 09:45:00,215.65,215.78,215.65,215.78,391
2026-02-13 09:50:00,215.7,215.85,215.7,215.71,1537
2026-02-13 09:55:00,215.71,215.92,215.7,215.84,5516
2026-02-13 10:00:00,215.84,216.0,215.5,215.59,9667
2026-02-13 10:05:00,215.59,215.79,215.25,215.41,3609
2026-02-13 10:10:00,215.41,215.61,215.41,215.5,389
2026-02-13 10:15:00,215.5,215.6,215.3,215.3,5681
2026-02-13 10:20:00,215.3,215.52,215.3,215.41,1623
2026-02-13 10:25:00,215.41,215.89,215.41,215.75,897
2026-02-13 10:30:00,215.75,216.49,215.75,216.21,5953
2026-02-13 10:35:00,216.21,216.27,216.07,216.19,1861
2026-02-13 10:40:00,216.19,216.5,216.12,216.31,1509
2026-02-13 10:45:00,216.31,216.31,216.06,216.31,626
2026-02-13 10:50:00,216.31,216.7,216.27,216.47,267
2026-02-13 10:55:00,216.47,216.66,216.31,216.4,5070
2026-02-13 11:00:00,216.31,216.47,216.26,216.31,294
2026-02-13 11:05:00,216.31,216.47,216.31,216.34,50
2026-02-13 11:10:00,216.34,216.58,216.34,216.41,39
2026-02-13 11:15:00,216.41,216.41,216.41,216.41,2
2026-02-13 11:20:00,216.66,216.79,216.27,216.34,1372
2026-02-13 11:25:00,216.34,216.41,215.84,215.85,5626
2026-02-13 11:30:00,215.85,215.93,215.75,215.93,270
2026-02-13 11:35:00,215.93,216.02,215.93,216.02,235
2026-02-13 11:40:00,216.02,216.4,216.02,216.16,639
2026-02-13 11:45:00,216.16,216.45,216.11,216.11,54
2026-02-13 11:50:00,216.11,216.11,215.96,215.96,99
2026-02-13 11:55:00,215.96,216.55,215.96,216.55,60
2026-02-13 12:00:00,216.55,216.55,216.55,216.55,0
2026-02-13 12:05:00,216.55,216.67,216.3,216.48,303
2026-02-13 12:10:00,216.48,216.89,216.48,216.51,774
2026-02-13 12:15:00,216.51,216.75,216.5,216.5,160
2026-02-13 12:20:00,216.5,216.99,216.5,216.83,1073
2026-02-13 12:25:00,216.61,216.82,216.51,216.57,634
2026-02-13 12:30:00,216.57,216.88,216.57,216.6,302
2026-02-13 12:35:00,216.6,216.9,216.59,216.89,5314
2026-02-13 12:40:00,217.0,217.35,216.5,216.55,8178
2026-02-13 12:45:00,216.55,217.0,216.55,216.78,2015
2026-02-13 12:50:00,216.99,217.26,216.52,217.26,3311
2026-02-13 12:55:00,217.26,217.48,217.14,217.14,1253
2026-02-13 13:00:00,217.14,217.59,217.09,217.52,3328
2026-02-13 13:05:00,217.52,217.61,217.36,217.36,485
2026-02-13 13:10:00,217.36,217.5,217.31,217.38,949
2026-02-13 13:15:00,217.38,217.75,217.38,217.39,554
2026-02-13 13:20:00,217.39,217.8,217.39,217.43,2098
2026-02-13 13:25:00,217.43,217.8,217.35,217.8,912
2026-02-13 13:30:00,217.54,217.73,217.4,217.45,1105
2026-02-13 13:35:00,217.45,217.8,217.45,217.8,958
2026-02-13 13:40:00,217.6,217.9,217.56,217.9,976
2026-02-13 13:45:00,217.65,217.9,217.41,217.8,2900
2026-02-13 13:50:00,217.54,217.87,217.39,217.87,1139
2026-02-13 13:55:00,217.58,217.9,217.47,217.47,924
2026-02-13 14:00:00,217.47,217.91,217.32,217.79,2781
2026-02-13 14:05:00,217.58,217.82,217.45,217.54,2453
2026-02-13 14:10:00,217.54,217.7,217.26,217.3,8975
2026-02-13 14:15:00,217.3,217.62,217.26,217.26,907
2026-02-13 14:20:00,217.26,217.48,217.0,217.31,3926
2026-02-13 14:25:00,217.31,217.39,217.01,217.01,2053
2026-02-13 14:30:00,217.01,217.01,216.5,216.5,2539
2026-02-13 14:35:00,216.5,216.69,216.5,216.55,247
2026-02-13 14:40:00,216.55,216.64,216.51,216.57,2161
2026-02-13 14:45:00,216.57,216.6,216.39,216.55,2935
2026-02-13 14:50:00,216.6,216.79,216.31,216.59,1796
2026-02-13 14:55:00,216.59,216.79,216.53,216.55,1379
2026-02-13 15:00:00,216.55,216.84,216.45,216.84,1465
2026-02-13 15:05:00,216.64,217.25,216.4,217.25,11536
2026-02-13 15:10:00,217.13,217.13,216.25,216.33,4752
2026-02-13 15:15:00,216.33,216.58,216.25,216.25,8450
2026-02-13 15:20:00,216.26,216.5,216.26,216.43,2659
2026-02-13 15:25:00,216.43,216.49,216.0,216.0,10131
2026-02-16 09:15:00,215.01,216.0,213.5,214.53,8885
2026-02-16 09:20:00,214.53,214.75,213.99,214.49,12425
2026-02-16 09:25:00,214.49,214.62,214.0,214.62,3214
2026-02-16 09:30:00,214.62,214.97,214.62,214.9,2401
2026-02-16 09:35:00,214.9,215.2,214.75,214.77,4505
2026-02-16 09:40:00,214.77,214.81,213.76,213.78,10537
2026-02-16 09:45:00,213.78,214.5,213.75,213.79,4825
2026-02-16 09:50:00,213.79,213.79,212.93,212.93,14236
2026-02-16 09:55:00,212.8,213.1,212.75,213.1,8005
2026-02-16 10:00:00,213.1,213.2,212.8,213.2,3792
2026-02-16 10:05:00,213.2,213.2,213.02,213.06,745
2026-02-16 10:10:00,213.06,213.4,213.06,213.4,115
2026-02-16 10:15:00,213.4,213.63,213.24,213.63,885
2026-02-16 10:20:00,213.63,213.73,213.54,213.54,3648
2026-02-16 10:25:00,213.54,213.8,213.54,213.66,1253
2026-02-16 10:30:00,213.66,213.96,213.66,213.76,7012
2026-02-16 10:35:00,213.76,213.93,213.75,213.75,596
2026-02-16 10:40:00,213.75,213.92,213.75,213.82,506
2026-02-16 10:45:00,213.82,213.82,213.66,213.7,722
2026-02-16 10:50:00,213.7,213.98,213.7,213.98,94
2026-02-16 10:55:00,213.98,213.98,213.66,213.81,2534
2026-02-16 11:00:00,213.81,213.81,213.65,213.65,893
2026-02-16 11:05:00,213.65,213.87,213.57,213.7,542
2026-02-16 11:10:00,213.7,213.7,213.5,213.51,1409
2026-02-16 11:15:00,213.51,213.51,213.51,213.51,305
2026-02-16 11:20:00,213.51,213.62,213.51,213.62,753
2026-02-16 11:25:00,213.62,213.62,213.5,213.5,640
2026-02-16 11:30:00,213.5,213.5,213.5,213.5,0
2026-02-16 11:35:00,213.5,213.51,213.5,213.51,162
2026-02-16 11:40:00,213.71,213.71,213.5,213.5,136
2026-02-16 11:45:00,213.5,213.55,213.5,213.55,88
2026-02-16 11:50:00,213.55,213.55,213.5,213.5,248
2026-02-16 11:55:00,213.5,213.5,213.5,213.5,629
2026-02-16 12:00:00,213.5,213.73,213.5,213.73,1425
2026-02-16 12:05:00,213.73,213.74,213.72,213.72,376
2026-02-16 12:10:00,213.72,214.07,213.72,214.07,505
2026-02-16 12:15:00,214.07,214.07,213.72,213.72,139
2026-02-16 12:20:00,213.72,214.01,213.72,214.01,167
2026-02-16 12:25:00,214.01,214.34,214.01,214.26,394
2026-02-16 12:30:00,214.26,214.27,214.0,214.0,140
2026-02-16 12:35:00,214.0,214.42,214.0,214.42,422
2026-02-16 12:40:00,214.28,214.9,214.28,214.9,1567
2026-02-16 12:45:00,214.9,214.9,214.54,214.59,209
2026-02-16 12:50:00,214.24,214.29,214.24,214.28,3398
2026-02-16 12:55:00,214.28,214.78,214.02,214.78,26809
2026-02-16 13:00:00,214.78,214.78,214.37,214.37,569
2026-02-16 13:05:00,214.37,214.67,214.37,214.66,214
2026-02-16 13:10:00,214.25,214.73,214.25,214.53,1455
2026-02-16 13:15:00,214.53,214.76,214.5,214.76,1555
2026-02-16 13:20:00,214.76,214.9,214.69,214.82,1393
2026-02-16 13:25:00,214.82,214.9,214.33,214.71,2466
2026-02-16 13:30:00,214.71,214.84,214.39,214.48,372
2026-02-16 13:35:00,214.43,215.31,214.3,215.11,28834
2026-02-16 13:40:00,215.11,215.3,214.83,214.84,945
2026-02-16 13:45:00,214.79,215.09,214.68,214.94,1222
2026-02-16 13:50:00,214.89,215.03,214.68,214.76,586
2026-02-16 13:55:00,214.72,214.88,214.5,214.54,608
2026-02-16 14:00:00,214.51,214.9,214.5,214.53,966
2026-02-16 14:05:00,214.53,214.87,214.49,214.49,531
2026-02-16 14:10:00,214.49,214.76,214.45,214.45,511
2026-02-16 14:15:00,214.45,214.82,214.45,214.58,482
2026-02-16 14:20:00,214.58,214.86,214.47,214.78,707
2026-02-16 14:25:00,214.57,214.8,214.46,214.52,751
2026-02-16 14:30:00,214.52,215.47,214.52,215.47,5080
2026-02-16 14:35:00,215.47,215.47,214.94,215.2,663
2026-02-16 14:40:00,215.2,215.36,214.95,215.36,447
2026-02-16 14:45:00,215.36,215.36,215.0,215.35,26057
2026-02-16 14:50:00,215.35,215.36,214.54,214.54,1649
2026-02-16 14:55:00,214.54,214.94,214.46,214.88,954
2026-02-16 15:00:00,214.91,215.0,214.71,215.0,613
2026-02-16 15:05:00,215.0,215.5,215.0,215.4,3645
2026-02-16 15:10:00,215.26,215.44,215.26,215.4,1334
2026-02-16 15:15:00,215.4,215.48,214.9,214.91,4380
2026-02-16 15:20:00,214.91,215.03,214.5,214.6,11771
2026-02-16 15:25:00,214.6,215.01,214.0,215.01,2974
2026-02-17 09:15:00,214.1,215.24,214.0,214.8,4595
2026-02-17 09:20:00,214.8,215.51,214.52,214.75,3896
2026-02-17 09:25:00,214.75,215.14,214.69,215.0,1321
2026-02-17 09:30:00,215.0,215.33,214.81,215.27,427
2026-02-17 09:35:00,215.27,215.6,215.04,215.6,726
2026-02-17 09:40:00,215.6,215.6,215.37,215.58,203
2026-02-17 09:45:00,215.6,215.73,215.6,215.73,942
2026-02-17 09:50:00,215.99,216.27,215.84,215.84,1637
2026-02-17 09:55:00,215.84,216.21,215.8,216.0,322
2026-02-17 10:00:00,216.0,216.15,215.81,216.15,298
2026-02-17 10:05:00,216.15,216.19,215.04,215.37,5824
2026-02-17 10:10:00,215.37,215.63,215.36,215.42,384
2026-02-17 10:15:00,215.42,215.61,215.42,215.45,1767
2026-02-17 10:20:00,215.45,215.66,215.45,215.65,179
2026-02-17 10:25:00,215.65,215.8,215.65,215.8,86
2026-02-17 10:30:00,215.8,216.05,215.8,215.8,153
2026-02-17 10:35:00,215.8,215.8,215.09,215.2,2088
2026-02-17 10:40:00,215.31,215.31,215.09,215.26,95
2026-02-17 10:45:00,215.26,215.33,215.03,215.08,1934
2026-02-17 10:50:00,215.08,215.08,215.0,215.0,51
2026-02-17 10:55:00,215.0,215.16,215.0,215.01,140
2026-02-17 11:00:00,215.01,215.04,215.01,215.04,927
2026-02-17 11:05:00,215.04,215.04,214.75,214.76,1796
2026-02-17 11:10:00,214.76,215.0,214.75,215.0,487
2026-02-17 11:15:00,215.06,215.07,214.81,215.07,607
2026-02-17 11:20:00,215.07,215.23,214.81,215.08,1641
2026-02-17 11:25:00,215.08,215.1,215.0,215.02,2644
2026-02-17 11:30:00,215.02,215.17,215.02,215.17,18
2026-02-17 11:35:00,215.17,215.2,215.11,215.11,443
2026-02-17 11:40:00,215.11,215.11,215.0,215.0,350
2026-02-17 11:45:00,215.0,215.0,214.76,214.76,120
2026-02-17 11:50:00,214.76,214.93,214.75,214.75,718
2026-02-17 11:55:00,214.75,214.92,214.75,214.75,376
2026-02-17 12:00:00,214.75,215.29,214.53,215.29,2451
2026-02-17 12:05:00,215.29,215.29,214.51,214.73,717
2026-02-17 12:10:00,214.73,214.73,214.64,214.64,56
2026-02-17 12:15:00,214.64,215.0,214.64,214.64,361
2026-02-17 12:20:00,214.64,215.0,214.6,214.89,1165
2026-02-17 12:25:00,214.89,214.89,214.61,214.61,112
2026-02-17 12:30:00,214.61,214.98,214.61,214.96,38
2026-02-17 12:35:00,214.96,215.0,214.96,214.97,430
2026-02-17 12:40:00,214.97,215.11,214.97,215.1,1774
2026-02-17 12:45:00,215.1,215.36,215.05,215.1,165
2026-02-17 12:50:00,215.1,215.13,215.07,215.13,761
2026-02-17 12:55:00,215.13,215.15,214.99,214.99,1403
2026-02-17 13:00:00,214.99,215.0,214.97,215.0,95
2026-02-17 13:05:00,215.0,215.0,214.51,214.96,1859
2026-02-17 13:10:00,214.96,214.96,214.64,214.64,110
2026-02-17 13:15:00,214.64,215.0,214.64,215.0,62
2026-02-17 13:20:00,215.0,218.1,214.99,217.87,2070987
2026-02-17 13:25:00,217.6,218.0,216.12,216.64,69703
2026-02-17 13:30:00,216.64,217.34,216.61,217.01,5203
2026-02-17 13:35:00,217.01,217.2,216.69,216.74,1055
2026-02-17 13:40:00,216.74,216.95,216.51,216.95,1594
2026-02-17 13:45:00,216.7,217.01,216.62,216.62,1197
2026-02-17 13:50:00,216.62,216.75,216.48,216.52,1458
2026-02-17 13:55:00,216.52,216.75,216.21,216.51,7046
2026-02-17 14:00:00,216.51,217.23,216.51,217.08,513
2026-02-17 14:05:00,217.08,217.51,217.08,217.26,23404
2026-02-17 14:10:00,217.26,217.71,216.87,217.32,8720
2026-02-17 14:15:00,217.32,217.8,217.26,217.78,8468
2026-02-17 14:20:00,217.78,217.8,217.22,217.31,3299
2026-02-17 14:25:00,217.31,217.8,216.76,217.0,8702
2026-02-17 14:30:00,217.0,217.19,216.83,216.97,1552
2026-02-17 14:35:00,216.97,217.29,216.97,217.12,232
2026-02-17 14:40:00,217.11,217.24,216.73,217.0,2199
2026-02-17 14:45:00,217.0,217.19,216.42,216.5,4947
2026-02-17 14:50:00,216.5,216.88,216.46,216.63,2250
2026-02-17 14:55:00,216.63,217.26,216.63,216.82,1727
2026-02-17 15:00:00,216.82,217.0,216.31,216.72,13243
2026-02-17 15:05:00,216.77,217.75,216.77,216.87,6084
2026-02-17 15:10:00,217.0,217.34,216.89,216.96,6464
2026-02-17 15:15:00,216.96,216.96,216.63,216.77,6921
2026-02-17 15:20:00,216.99,217.74,216.88,216.89,8667
2026-02-17 15:25:00,217.01,220.6,216.92,218.0,27485
2026-02-18 09:15:00,218.89,219.35,217.1,217.53,11466
2026-02-18 09:20:00,217.5,218.03,217.36,217.81,4163
2026-02-18 09:25:00,217.79,218.39,217.64,218.18,1439
2026-02-18 09:30:00,218.18,219.6,218.18,219.6,8874
2026-02-18 09:35:00,219.6,221.15,219.6,220.41,9290
2026-02-18 09:40:00,220.41,220.41,219.6,220.14,6226
2026-02-18 09:45:00,220.14,220.16,218.99,219.16,4542
2026-02-18 09:50:00,219.16,219.25,219.0,219.1,1113
2026-02-18 09:55:00,219.1,219.42,218.56,218.61,13367
2026-02-18 10:00:00,218.61,218.62,218.6,218.6,531
2026-02-18 10:05:00,218.6,218.69,218.6,218.64,2440
2026-02-18 10:10:00,218.64,219.1,218.55,218.59,8320
2026-02-18 10:15:00,218.59,219.49,218.59,219.35,4174
2026-02-18 10:20:00,219.35,219.35,219.16,219.16,381
2026-02-18 10:25:00,219.16,219.27,219.16,219.16,203
2026-02-18 10:30:00,219.16,219.55,219.16,219.24,2006
2026-02-18 10:35:00,219.24,219.47,219.24,219.4,294
2026-02-18 10:40:00,219.4,219.4,218.56,218.62,12927
2026-02-18 10:45:00,218.62,218.73,218.23,218.23,2207
2026-02-18 10:50:00,218.47,218.47,218.23,218.24,115
2026-02-18 10:55:00,218.24,218.54,218.24,218.48,317
2026-02-18 11:00:00,218.48,218.5,218.24,218.24,1338
2026-02-18 11:05:00,218.24,218.39,218.24,218.25,103
2026-02-18 11:10:00,218.25,218.4,218.24,218.26,1209
2026-02-18 11:15:00,218.26,218.51,218.24,218.27,1674
2026-02-18 11:20:00,218.27,218.56,218.27,218.28,285
2026-02-18 11:25:00,218.28,218.52,218.28,218.33,89
2026-02-18 11:30:00,218.33,218.61,218.33,218.61,601
2026-02-18 11:35:00,218.61,218.61,218.45,218.46,24
2026-02-18 11:40:00,218.46,218.46,217.59,217.61,5751
2026-02-18 11:45:00,217.61,217.75,217.61,217.75,170
2026-02-18 11:50:00,217.75,217.97,217.64,217.68,1236
2026-02-18 11:55:00,217.68,217.88,217.68,217.72,973
2026-02-18 12:00:00,217.72,217.89,217.72,217.73,5912
2026-02-18 12:05:00,217.73,217.76,217.7,217.71,778
2026-02-18 12:10:00,217.72,217.94,217.7,217.73,891
2026-02-18 12:15:00,217.73,218.35,217.73,217.96,8610
2026-02-18 12:20:00,217.96,218.72,217.96,218.55,152
2026-02-18 12:25:00,218.55,218.72,218.51,218.61,97
2026-02-18 12:30:00,218.61,218.61,218.5,218.51,487
2026-02-18 12:35:00,218.51,218.51,217.88,217.96,15262
2026-02-18 12:40:00,217.96,218.03,217.92,218.03,76
2026-02-18 12:45:00,218.03,218.22,218.03,218.04,552
2026-02-18 12:50:00,218.04,218.25,218.04,218.04,235
2026-02-18 12:55:00,218.04,218.12,218.04,218.12,168
2026-02-18 13:00:00,218.12,218.24,218.12,218.24,972
2026-02-18 13:05:00,218.24,218.67,218.24,218.36,922
2026-02-18 13:10:00,218.36,218.38,218.36,218.38,231
2026-02-18 13:15:00,218.38,218.7,218.38,218.67,1329
2026-02-18 13:20:00,218.67,218.82,218.45,218.66,837
2026-02-18 13:25:00,218.66,218.81,218.58,218.58,114
2026-02-18 13:30:00,218.58,218.9,218.58,218.65,172
2026-02-18 13:35:00,218.65,218.9,218.65,218.81,360
2026-02-18 13:40:00,218.81,218.86,218.45,218.45,657
2026-02-18 13:45:00,218.45,218.63,218.45,218.45,444
2026-02-18 13:50:00,218.45,218.5,218.45,218.45,83
2026-02-18 13:55:00,218.45,218.8,218.45,218.67,1579
2026-02-18 14:00:00,218.67,218.72,218.56,218.72,1387
2026-02-18 14:05:00,218.72,218.8,218.58,218.74,380
2026-02-18 14:10:00,218.74,218.75,218.48,218.48,26820
2026-02-18 14:15:00,218.48,218.5,218.09,218.14,2765
2026-02-18 14:20:00,218.14,218.42,218.14,218.23,791
2026-02-18 14:25:00,218.23,218.39,218.16,218.38,393
2026-02-18 14:30:00,218.38,218.52,218.16,218.16,1540
2026-02-18 14:35:00,218.16,218.22,218.08,218.08,124
2026-02-18 14:40:00,218.08,218.19,218.08,218.16,30317
2026-02-18 14:45:00,218.16,218.46,218.11,218.11,240
2026-02-18 14:50:00,218.11,218.27,218.08,218.21,477
2026-02-18 14:55:00,218.16,218.23,218.08,218.08,30856
2026-02-18 15:00:00,218.08,218.21,218.0,218.21,1485
2026-02-18 15:05:00,218.21,218.24,218.07,218.07,1193
2026-02-18 15:10:00,218.08,218.33,217.5,217.61,42112
2026-02-18 15:15:00,217.61,217.97,217.59,217.63,5369
2026-02-18 15:20:00,217.63,217.8,217.5,217.52,2520
2026-02-18 15:25:00,217.52,219.0,217.5,219.0,36119
2026-02-19 09:15:00,218.0,218.7,215.8,217.53,16883
2026-02-19 09:20:00,217.53,218.48,217.53,218.09,2015
2026-02-19 09:25:00,218.09,218.34,217.58,217.61,1154
2026-02-19 09:30:00,217.61,217.87,217.61,217.61,80
2026-02-19 09:35:00,217.61,217.86,217.25,217.27,1903
2026-02-19 09:40:00,217.27,217.51,217.25,217.25,557
2026-02-19 09:45:00,217.25,217.45,217.25,217.25,314
2026-02-19 09:50:00,217.25,217.45,217.25,217.44,285
2026-02-19 09:55:00,217.44,217.5,217.26,217.26,687
2026-02-19 10:00:00,217.31,217.72,217.25,217.25,1665
2026-02-19 10:05:00,217.25,217.73,217.25,217.5,545
2026-02-19 10:10:00,217.5,217.56,217.5,217.56,28
2026-02-19 10:15:00,217.76,217.76,217.25,217.31,943
2026-02-19 10:20:00,217.31,217.65,217.1,217.65,5520
2026-02-19 10:25:00,217.65,217.67,217.2,217.29,172
2026-02-19 10:30:00,217.29,217.29,217.25,217.25,1
2026-02-19 10:35:00,217.25,217.49,217.1,217.1,459
2026-02-19 10:40:00,217.1,217.27,217.04,217.16,152
2026-02-19 10:45:00,217.16,217.17,217.0,217.0,1972
2026-02-19 10:50:00,217.0,217.0,217.0,217.0,15
2026-02-19 10:55:00,217.0,217.14,217.0,217.14,579
2026-02-19 11:00:00,217.14,217.27,217.13,217.13,76
2026-02-19 11:05:00,217.13,217.35,217.09,217.14,194
2026-02-19 11:10:00,217.14,217.17,217.12,217.17,227
2026-02-19 11:15:00,217.17,217.17,217.14,217.14,276
2026-02-19 11:20:00,217.14,217.14,217.14,217.14,227
2026-02-19 11:25:00,217.14,217.29,217.14,217.29,10
2026-02-19 11:30:00,217.29,217.29,217.0,217.01,631
2026-02-19 11:35:00,217.01,217.09,216.59,216.59,31266
2026-02-19 11:40:00,216.59,216.75,216.59,216.75,336
2026-02-19 11:45:00,216.75,217.29,216.75,216.8,3836
2026-02-19 11:50:00,216.8,216.99,216.75,216.75,33
2026-02-19 11:55:00,216.75,216.9,216.7,216.7,11
2026-02-19 12:00:00,216.7,216.71,216.1,216.33,11424
2026-02-19 12:05:00,216.33,216.33,216.0,216.05,3986
2026-02-19 12:10:00,216.05,216.05,215.75,215.75,10087
2026-02-19 12:15:00,215.82,216.14,215.75,215.77,1177
2026-02-19 12:20:00,215.77,216.14,215.77,215.85,32072
2026-02-19 12:25:00,215.85,216.08,215.85,215.86,304
2026-02-19 12:30:00,215.86,216.16,215.86,215.91,256
2026-02-19 12:35:00,215.91,215.91,215.26,215.46,5080
2026-02-19 12:40:00,215.46,215.46,214.75,214.94,13994
2026-02-19 12:45:00,214.94,215.0,214.76,215.0,995
2026-02-19 12:50:00,215.0,215.59,215.0,215.59,1217
2026-02-19 12:55:00,215.59,215.62,215.3,215.39,861
2026-02-19 13:00:00,215.39,215.63,215.39,215.44,234
2026-02-19 13:05:00,215.44,215.69,215.44,215.45,220
2026-02-19 13:10:00,215.45,215.64,215.4,215.4,82
2026-02-19 13:15:00,215.4,215.64,215.12,215.29,1606
2026-02-19 13:20:00,215.29,215.58,215.26,215.31,85
2026-02-19 13:25:00,215.31,215.56,215.28,215.3,293
2026-02-19 13:30:00,215.3,215.52,215.29,215.35,462
2026-02-19 13:35:00,215.35,215.6,215.05,215.05,32527
2026-02-19 13:40:00,215.05,215.19,214.96,215.0,513
2026-02-19 13:45:00,215.0,215.03,214.84,214.86,803
2026-02-19 13:50:00,214.86,215.03,214.86,214.86,343
2026-02-19 13:55:00,214.86,215.29,214.85,215.0,1452
2026-02-19 14:00:00,215.0,215.04,214.75,214.9,2143
2026-02-19 14:05:00,214.9,214.95,214.88,214.88,1040
2026-02-19 14:10:00,214.88,214.88,214.88,214.88,72
2026-02-19 14:15:00,214.88,215.0,214.88,215.0,6175
2026-02-19 14:20:00,215.0,215.0,214.93,214.93,1486
2026-02-19 14:25:00,214.93,215.0,214.5,214.5,9200
2026-02-19 14:30:00,214.5,214.5,213.75,213.83,8479
2026-02-19 14:35:00,213.83,213.88,213.61,213.75,1489
2026-02-19 14:40:00,213.75,213.99,213.75,213.99,1015
2026-02-19 14:45:00,213.99,213.99,213.5,213.5,1840
2026-02-19 14:50:00,213.75,213.8,213.56,213.57,25812
2026-02-19 14:55:00,213.57,213.8,213.57,213.8,727
2026-02-19 15:00:00,213.8,213.8,213.54,213.67,2131
2026-02-19 15:05:00,213.67,214.57,213.53,213.59,7366
2026-02-19 15:10:00,213.71,213.9,213.58,213.87,1122
2026-02-19 15:15:00,213.87,213.9,213.58,213.6,6720
2026-02-19 15:20:00,213.6,213.74,213.6,213.73,4002
2026-02-19 15:25:00,213.73,214.5,213.6,213.6,7614
2026-02-20 09:15:00,213.01,213.75,211.5,211.75,23785
2026-02-20 09:20:00,211.74,212.4,211.51,212.0,16990
2026-02-20 09:25:00,212.0,212.0,210.51,210.51,21254
2026-02-20 09:30:00,210.51,211.84,210.51,211.84,2601
2026-02-20 09:35:00,211.66,211.88,211.54,211.54,597
2026-02-20 09:40:00,211.54,211.77,211.46,211.71,832
2026-02-20 09:45:00,211.71,214.72,211.71,214.33,45713
2026-02-20 09:50:00,214.66,215.41,214.64,214.7,6062
2026-02-20 09:55:00,214.7,215.0,214.6,214.65,2205
2026-02-20 10:00:00,214.65,214.71,214.39,214.42,2647
2026-02-20 10:05:00,214.42,214.65,214.24,214.24,718
2026-02-20 10:10:00,214.24,214.51,214.0,214.36,5770
2026-02-20 10:15:00,214.36,214.58,214.0,214.07,18510
2026-02-20 10:20:00,214.03,214.5,214.0,214.3,2264
2026-02-20 10:25:00,214.3,214.46,214.15,214.46,30240
2026-02-20 10:30:00,214.46,214.46,214.17,214.17,1748
2026-02-20 10:35:00,214.17,214.2,214.0,214.0,3105
2026-02-20 10:40:00,214.0,214.29,214.0,214.0,4052
2026-02-20 10:45:00,214.02,214.32,214.0,214.17,10021
2026-02-20 10:50:00,214.17,214.54,214.17,214.4,587
2026-02-20 10:55:00,214.33,214.43,214.22,214.36,143
2026-02-20 11:00:00,214.43,214.43,214.01,214.01,3278
2026-02-20 11:05:00,214.01,214.55,214.01,214.13,1397
2026-02-20 11:10:00,214.13,214.31,214.0,214.0,37233
2026-02-20 11:15:00,214.0,214.0,213.5,213.77,29770
2026-02-20 11:20:00,213.77,214.0,213.75,213.95,355
2026-02-20 11:25:00,213.95,214.33,213.86,214.23,136
2026-02-20 11:30:00,214.23,214.48,214.01,214.34,12219
2026-02-20 11:35:00,214.34,214.7,214.15,214.15,31236
2026-02-20 11:40:00,214.23,214.32,214.0,214.32,1534
2026-02-20 11:45:00,214.32,215.0,214.16,214.5,2498
2026-02-20 11:50:00,214.5,214.59,214.3,214.59,2162
2026-02-20 11:55:00,214.66,214.98,214.1,214.5,6313
2026-02-20 12:00:00,214.5,214.77,214.5,214.53,1058
2026-02-20 12:05:00,214.53,214.7,214.42,214.55,1700
2026-02-20 12:10:00,214.55,215.7,214.55,215.03,10686
2026-02-20 12:15:00,215.03,215.58,215.03,215.21,1884
2026-02-20 12:20:00,215.44,215.7,214.88,215.54,2988
2026-02-20 12:25:00,215.54,215.54,215.1,215.11,2573
2026-02-20 12:30:00,215.11,215.11,214.75,214.76,6719
2026-02-20 12:35:00,214.76,214.99,214.75,214.75,586
2026-02-20 12:40:00,214.75,214.91,214.53,214.57,2133
2026-02-20 12:45:00,214.57,214.87,214.57,214.68,166
2026-02-20 12:50:00,214.68,214.68,214.54,214.57,781
2026-02-20 12:55:00,214.57,214.93,214.5,214.93,30754
2026-02-20 13:00:00,214.93,214.93,214.57,214.63,111
2026-02-20 13:05:00,214.63,214.76,214.25,214.25,2496
2026-02-20 13:10:00,214.25,214.66,214.25,214.3,1443
2026-02-20 13:15:00,214.3,214.44,214.25,214.26,711
2026-02-20 13:20:00,214.26,214.47,214.26,214.26,381
2026-02-20 13:25:00,214.26,214.8,214.26,214.52,3027
2026-02-20 13:30:00,214.52,214.9,214.52,214.65,10839
2026-02-20 13:35:00,214.65,214.79,214.65,214.69,41
2026-02-20 13:40:00,214.69,214.86,214.66,214.73,1361
2026-02-20 13:45:00,214.73,214.85,214.71,214.73,83
2026-02-20 13:50:00,214.73,214.85,214.73,214.73,29
2026-02-20 13:55:00,214.73,215.34,214.73,215.07,9082
2026-02-20 14:00:00,215.07,215.07,214.69,214.69,27416
2026-02-20 14:05:00,214.69,214.92,214.52,214.92,1852
2026-02-20 14:10:00,214.92,214.92,214.61,214.7,288
2026-02-20 14:15:00,214.7,214.89,214.7,214.89,59
2026-02-20 14:20:00,214.77,214.93,214.69,214.76,444
2026-02-20 14:25:00,214.76,215.5,214.76,215.41,9642
2026-02-20 14:30:00,215.24,215.29,215.04,215.04,2251
2026-02-20 14:35:00,215.04,215.28,214.84,214.84,344
2026-02-20 14:40:00,214.86,215.41,214.86,215.19,29950
2026-02-20 14:45:00,215.19,215.36,214.5,214.5,2472
2026-02-20 14:50:00,214.3,214.3,213.75,213.83,36941
2026-02-20 14:55:00,213.83,214.2,213.83,214.05,1327
2026-02-20 15:00:00,214.05,214.05,213.53,213.55,4022
2026-02-20 15:05:00,213.56,213.59,213.25,213.25,4670
2026-02-20 15:10:00,213.25,213.45,213.25,213.33,5407
2026-02-20 15:15:00,213.33,213.48,213.33,213.45,5203
2026-02-20 15:20:00,213.45,213.47,213.0,213.14,13204
2026-02-20 15:25:00,213.14,215.2,213.03,215.2,15175
2026-02-23 09:15:00,218.89,221.0,216.29,219.39,156490
2026-02-23 09:20:00,219.39,219.59,218.0,219.5,36101
2026-02-23 09:25:00,219.5,220.67,219.25,219.68,38211
2026-02-23 09:30:00,219.69,219.97,218.75,218.75,22376
2026-02-23 09:35:00,218.75,218.93,218.5,218.89,8070
2026-02-23 09:40:00,218.85,219.08,218.5,218.5,8541
2026-02-23 09:45:00,218.5,219.0,218.25,218.59,14813
2026-02-23 09:50:00,218.54,219.5,218.54,218.85,9253
2026-02-23 09:55:00,218.85,219.5,218.82,219.05,11292
2026-02-23 10:00:00,219.03,220.8,219.0,220.79,13990
2026-02-23 10:05:00,220.65,221.2,220.14,220.41,32806
2026-02-23 10:10:00,220.41,220.65,220.14,220.31,7627
2026-02-23 10:15:00,220.33,220.65,219.1,219.54,18556
2026-02-23 10:20:00,219.89,220.05,219.37,219.74,5104
2026-02-23 10:25:00,219.74,219.87,219.3,219.35,3246
2026-02-23 10:30:00,219.48,219.69,219.23,219.5,13341
2026-02-23 10:35:00,219.65,219.93,219.28,219.76,3361
2026-02-23 10:40:00,219.76,219.78,219.05,219.38,3118
2026-02-23 10:45:00,219.38,219.55,219.05,219.39,1904
2026-02-23 10:50:00,219.37,219.5,219.15,219.18,1564
2026-02-23 10:55:00,219.23,219.34,218.71,218.85,7177
2026-02-23 11:00:00,218.85,219.06,218.85,218.85,2363
2026-02-23 11:05:00,218.85,218.85,218.4,218.61,12240
2026-02-23 11:10:00,218.61,219.26,218.59,219.26,2078
2026-02-23 11:15:00,219.26,219.27,218.98,218.98,1211
2026-02-23 11:20:00,218.98,219.2,218.5,218.56,8516
2026-02-23 11:25:00,218.56,218.87,217.7,218.1,22822
2026-02-23 11:30:00,218.1,218.1,217.57,217.89,1389
2026-02-23 11:35:00,217.89,218.13,217.63,217.92,5875
2026-02-23 11:40:00,217.92,218.19,217.63,217.63,4701
2026-02-23 11:45:00,217.63,218.0,217.5,217.5,3571
2026-02-23 11:50:00,217.63,218.46,217.63,218.46,2182
2026-02-23 11:55:00,218.25,218.45,218.07,218.16,1326
2026-02-23 12:00:00,218.16,218.53,218.16,218.21,1976
2026-02-23 12:05:00,218.21,218.5,218.21,218.33,1095
2026-02-23 12:10:00,218.33,218.76,218.32,218.76,2603
2026-02-23 12:15:00,218.76,218.99,218.58,218.7,2729
2026-02-23 12:20:00,218.92,219.0,218.7,218.78,506
2026-02-23 12:25:00,218.78,219.2,218.69,219.01,2162
2026-02-23 12:30:00,219.01,219.06,218.74,218.77,1737
2026-02-23 12:35:00,218.77,218.94,218.5,218.6,1428
2026-02-23 12:40:00,218.6,218.83,218.5,218.62,291
2026-02-23 12:45:00,218.62,219.01,218.62,218.82,9776
2026-02-23 12:50:00,218.82,219.16,218.47,218.59,2276
2026-02-23 12:55:00,218.59,219.5,218.59,218.75,2805
2026-02-23 13:00:00,218.75,219.01,218.58,218.58,1416
2026-02-23 13:05:00,218.58,218.92,218.58,218.72,429
2026-02-23 13:10:00,218.72,218.89,218.72,218.75,508
2026-02-23 13:15:00,218.75,219.09,218.72,218.72,1351
2026-02-23 13:20:00,218.65,219.02,218.65,218.79,725
2026-02-23 13:25:00,218.79,219.85,218.79,219.68,7445
2026-02-23 13:30:00,219.68,220.0,219.66,219.66,5357
2026-02-23 13:35:00,219.66,219.79,219.5,219.55,2268
2026-02-23 13:40:00,219.55,219.64,219.35,219.35,2159
2026-02-23 13:45:00,219.35,219.88,219.35,219.68,1283
2026-02-23 13:50:00,219.93,219.96,219.47,219.56,7498
2026-02-23 13:55:00,219.56,219.84,219.36,219.43,2460
2026-02-23 14:00:00,219.43,219.78,219.0,219.0,4642
2026-02-23 14:05:00,219.0,219.66,219.0,219.43,1393
2026-02-23 14:10:00,219.43,219.5,218.72,218.9,3859
2026-02-23 14:15:00,218.9,219.28,218.9,219.15,1779
2026-02-23 14:20:00,219.15,219.71,218.74,218.75,3598
2026-02-23 14:25:00,218.94,219.35,218.76,219.17,980
2026-02-23 14:30:00,219.17,219.73,219.11,219.17,5501
2026-02-23 14:35:00,219.17,219.46,219.1,219.15,2506
2026-02-23 14:40:00,219.15,219.36,218.94,219.2,3129
2026-02-23 14:45:00,219.2,219.58,219.2,219.48,2534
2026-02-23 14:50:00,219.34,219.45,218.76,219.02,9444
2026-02-23 14:55:00,219.02,219.93,218.9,219.25,11720
2026-02-23 15:00:00,219.25,219.81,219.24,219.4,3319
2026-02-23 15:05:00,219.64,219.95,219.33,219.65,12588
2026-02-23 15:10:00,219.78,220.0,219.23,219.58,19255
2026-02-23 15:15:00,219.45,219.87,219.31,219.6,7600
2026-02-23 15:20:00,219.66,220.0,219.51,220.0,35803
2026-02-23 15:25:00,219.74,220.2,219.61,220.19,22780
2026-02-24 09:15:00,219.55,219.55,215.72,216.2,14112
2026-02-24 09:20:00,216.2,216.86,215.91,216.51,8282
2026-02-24 09:25:00,216.35,216.35,215.55,216.05,9945
2026-02-24 09:30:00,216.1,216.1,215.2,215.4,5387
2026-02-24 09:35:00,215.4,216.08,215.4,215.71,2982
2026-02-24 09:40:00,215.71,215.79,215.26,215.3,5651
2026-02-24 09:45:00,215.43,216.42,215.33,216.26,4040
2026-02-24 09:50:00,216.26,216.38,216.25,216.3,739
2026-02-24 09:55:00,216.3,216.3,215.8,216.04,5572
2026-02-24 10:00:00,215.96,216.32,215.96,216.08,519
2026-02-24 10:05:00,216.08,216.31,216.08,216.18,644
2026-02-24 10:10:00,216.18,216.38,216.0,216.0,1786
2026-02-24 10:15:00,216.0,216.22,215.93,216.22,1150
2026-02-24 10:20:00,216.22,216.29,215.8,215.8,2049
2026-02-24 10:25:00,215.7,215.95,215.5,215.75,1733
2026-02-24 10:30:00,215.75,215.93,215.74,215.83,275
2026-02-24 10:35:00,215.83,216.61,215.62,215.62,3409
2026-02-24 10:40:00,215.62,215.74,215.62,215.63,738
2026-02-24 10:45:00,215.63,215.96,215.63,215.67,2157
2026-02-24 10:50:00,215.67,215.67,215.25,215.26,12729
2026-02-24 10:55:00,215.26,215.46,215.26,215.31,1602
2026-02-24 11:00:00,215.47,215.63,215.41,215.44,142
2026-02-24 11:05:00,215.44,215.65,215.26,215.61,2576
2026-02-24 11:10:00,215.61,215.66,215.56,215.62,1378
2026-02-24 11:15:00,215.62,215.95,215.52,215.79,1553
2026-02-24 11:20:00,215.87,216.15,215.87,216.0,2236
2026-02-24 11:25:00,216.0,216.09,215.72,215.72,945
2026-02-24 11:30:00,215.73,215.91,215.72,215.75,1374
2026-02-24 11:35:00,215.75,216.25,215.73,216.09,2819
2026-02-24 11:40:00,216.09,216.25,215.61,215.83,3595
2026-02-24 11:45:00,215.83,215.83,215.6,215.61,338
2026-02-24 11:50:00,215.61,215.75,215.61,215.69,413
2026-02-24 11:55:00,215.62,215.63,215.62,215.62,229
2026-02-24 12:00:00,215.62,215.8,215.62,215.68,1742
2026-02-24 12:05:00,215.68,215.73,215.63,215.65,2130
2026-02-24 12:10:00,215.78,215.88,215.65,215.72,91
2026-02-24 12:15:00,215.72,215.92,215.63,215.64,1088
2026-02-24 12:20:00,215.64,215.87,215.64,215.65,3969
2026-02-24 12:25:00,215.65,215.99,215.58,215.58,11362
2026-02-24 12:30:00,215.58,215.58,215.1,215.11,12088
2026-02-24 12:35:00,215.11,215.11,215.1,215.1,539
2026-02-24 12:40:00,215.1,215.35,215.0,215.01,11993
2026-02-24 12:45:00,215.01,215.01,214.8,214.99,5745
2026-02-24 12:50:00,214.99,215.28,214.99,215.0,1717
2026-02-24 12:55:00,215.0,215.52,215.0,215.29,516
2026-02-24 13:00:00,215.29,215.97,215.29,215.65,2662
2026-02-24 13:05:00,215.65,216.0,215.65,215.81,494
2026-02-24 13:10:00,215.81,215.95,215.43,215.5,698
2026-02-24 13:15:00,215.5,215.55,215.32,215.53,387
2026-02-24 13:20:00,215.53,215.79,215.36,215.42,2387
2026-02-24 13:25:00,215.41,215.84,215.41,215.49,973
2026-02-24 13:30:00,215.45,215.49,215.22,215.3,2115
2026-02-24 13:35:00,215.23,215.75,215.22,215.54,1386
2026-02-24 13:40:00,215.54,215.54,215.22,215.26,1240
2026-02-24 13:45:00,215.27,215.28,215.23,215.28,321
2026-02-24 13:50:00,215.28,215.4,215.15,215.31,3213
2026-02-24 13:55:00,215.15,215.58,215.15,215.43,3119
2026-02-24 14:00:00,215.43,215.89,215.34,215.34,1626
2026-02-24 14:05:00,215.32,216.08,215.24,215.77,2451
2026-02-24 14:10:00,215.77,216.04,215.5,215.51,6448
2026-02-24 14:15:00,215.51,216.05,215.51,215.81,2327
2026-02-24 14:20:00,215.81,216.05,215.81,215.85,1576
2026-02-24 14:25:00,215.85,215.9,215.85,215.85,456
2026-02-24 14:30:00,215.99,216.3,215.77,216.05,8503
2026-02-24 14:35:00,216.05,217.25,216.05,217.25,17345
2026-02-24 14:40:00,217.25,217.39,217.06,217.3,2655
2026-02-24 14:45:00,217.3,217.3,216.46,216.76,8879
2026-02-24 14:50:00,216.76,217.12,216.73,216.94,980
2026-02-24 14:55:00,216.94,218.2,216.94,217.59,14521
2026-02-24 15:00:00,217.84,217.84,217.41,217.77,2358
2026-02-24 15:05:00,217.77,218.15,217.52,218.15,5963
2026-02-24 15:10:00,217.96,218.14,217.68,217.73,3804
2026-02-24 15:15:00,218.0,218.0,217.72,217.98,3966
2026-02-24 15:20:00,218.0,218.15,216.62,216.62,23356
2026-02-24 15:25:00,216.62,217.46,216.6,217.2,10803
2026-02-25 09:15:00,218.15,218.54,217.65,218.1,7399
2026-02-25 09:20:00,218.09,218.16,217.2,217.33,13116
2026-02-25 09:25:00,217.33,218.0,216.62,217.8,20069
2026-02-25 09:30:00,217.6,217.6,217.1,217.41,1631
2026-02-25 09:35:00,217.54,217.66,217.14,217.3,2063
2026-02-25 09:40:00,217.3,217.6,216.22,217.17,18112
2026-02-25 09:45:00,217.2,217.62,216.95,216.95,716
2026-02-25 09:50:00,216.95,217.4,216.95,217.12,204
2026-02-25 09:55:00,217.12,217.46,217.11,217.16,282
2026-02-25 10:00:00,217.38,217.79,217.38,217.55,351
2026-02-25 10:05:00,217.55,217.85,217.5,217.64,108
2026-02-25 10:10:00,217.64,217.98,217.61,217.75,244
2026-02-25 10:15:00,217.75,218.29,217.75,218.21,3836
2026-02-25 10:20:00,218.0,218.0,216.51,216.6,6125
2026-02-25 10:25:00,216.57,216.66,215.77,216.02,21183
2026-02-25 10:30:00,216.27,216.34,215.96,216.05,805
2026-02-25 10:35:00,216.05,216.28,215.78,215.8,1433
2026-02-25 10:40:00,215.8,215.98,215.8,215.95,712
2026-02-25 10:45:00,216.0,216.15,215.78,215.78,2090
2026-02-25 10:50:00,215.8,215.99,215.51,215.51,1822
2026-02-25 10:55:00,215.51,215.67,215.51,215.55,454
2026-02-25 11:00:00,215.55,215.79,215.52,215.52,674
2026-02-25 11:05:00,215.52,215.88,215.52,215.62,968
2026-02-25 11:10:00,215.62,215.96,215.62,215.72,6045
2026-02-25 11:15:00,215.72,215.95,215.72,215.72,47
2026-02-25 11:20:00,215.72,216.13,215.68,215.68,4115
2026-02-25 11:25:00,215.68,215.99,215.68,215.77,400
2026-02-25 11:30:00,215.77,215.99,215.76,215.8,406
2026-02-25 11:35:00,215.82,215.82,215.82,215.82,82
2026-02-25 11:40:00,215.82,216.0,215.71,215.72,710
2026-02-25 11:45:00,215.72,215.72,215.72,215.72,1136
2026-02-25 11:50:00,215.72,215.72,215.55,215.55,2358
2026-02-25 11:55:00,215.55,215.6,215.55,215.56,2052
2026-02-25 12:00:00,215.56,215.67,215.56,215.56,583
2026-02-25 12:05:00,215.56,215.56,215.55,215.55,822
2026-02-25 12:10:00,215.55,215.63,215.55,215.55,2857
2026-02-25 12:15:00,215.55,215.69,215.55,215.6,159
2026-02-25 12:20:00,215.6,215.76,215.55,215.62,6689
2026-02-25 12:25:00,215.62,216.23,215.62,216.19,5217
2026-02-25 12:30:00,216.19,216.44,216.19,216.27,178
2026-02-25 12:35:00,216.27,216.27,216.14,216.14,296
2026-02-25 12:40:00,216.14,216.44,216.0,216.0,1410
2026-02-25 12:45:00,216.0,216.0,215.75,215.75,2743
2026-02-25 12:50:00,215.75,215.82,215.75,215.75,3324
2026-02-25 12:55:00,215.75,215.75,215.6,215.61,1162
2026-02-25 13:00:00,215.61,215.62,215.61,215.62,216
2026-02-25 13:05:00,215.62,215.62,215.61,215.61,342
2026-02-25 13:10:00,215.61,215.95,215.61,215.75,736
2026-02-25 13:15:00,215.75,216.41,215.64,216.11,1636
2026-02-25 13:20:00,216.11,216.64,216.11,216.24,1484
2026-02-25 13:25:00,216.24,216.24,216.05,216.1,717
2026-02-25 13:30:00,216.1,216.21,216.06,216.16,158
2026-02-25 13:35:00,216.16,216.55,216.07,216.49,586
2026-02-25 13:40:00,216.49,216.65,216.25,216.25,836
2026-02-25 13:45:00,216.25,216.87,216.25,216.7,1012
2026-02-25 13:50:00,216.7,216.82,216.54,216.56,245
2026-02-25 13:55:00,216.61,216.7,216.58,216.6,262
2026-02-25 14:00:00,216.6,216.76,216.51,216.52,495
2026-02-25 14:05:00,216.52,216.65,216.37,216.43,1132
2026-02-25 14:10:00,216.43,216.64,216.35,216.44,427
2026-02-25 14:15:00,216.44,216.84,216.43,216.75,1225
2026-02-25 14:20:00,216.75,216.9,216.65,216.68,1074
2026-02-25 14:25:00,216.65,216.75,216.5,216.5,4258
2026-02-25 14:30:00,216.5,216.67,216.5,216.53,620
2026-02-25 14:35:00,216.53,216.65,216.5,216.5,1899
2026-02-25 14:40:00,216.5,216.5,216.3,216.3,352
2026-02-25 14:45:00,216.3,216.68,216.3,216.54,1306
2026-02-25 14:50:00,216.49,216.69,216.44,216.65,1126
2026-02-25 14:55:00,216.51,216.62,216.5,216.5,426
2026-02-25 15:00:00,216.59,216.85,216.58,216.75,1458
2026-02-25 15:05:00,216.75,217.74,216.75,217.74,10177
2026-02-25 15:10:00,217.74,217.74,217.0,217.0,6350
2026-02-25 15:15:00,217.12,217.38,217.0,217.0,4177
2026-02-25 15:20:00,217.0,217.05,217.0,217.04,2185
2026-02-25 15:25:00,217.2,218.6,217.16,217.9,13750
2026-02-26 09:15:00,217.9,217.9,215.75,216.01,5941
2026-02-26 09:20:00,216.01,216.49,215.54,215.93,8264
2026-02-26 09:25:00,215.93,216.23,215.93,216.0,274
2026-02-26 09:30:00,216.0,216.22,216.0,216.01,1407
2026-02-26 09:35:00,216.01,216.36,216.01,216.36,822
2026-02-26 09:40:00,216.36,216.8,216.21,216.73,683
2026-02-26 09:45:00,216.54,216.78,216.31,216.45,1624
2026-02-26 09:50:00,216.45,216.78,216.31,216.34,2648
2026-02-26 09:55:00,216.34,216.34,216.31,216.31,129
2026-02-26 10:00:00,216.31,216.4,216.31,216.4,1737
2026-02-26 10:05:00,216.4,216.72,216.25,216.55,2043
2026-02-26 10:10:00,216.55,216.72,216.5,216.5,1509
2026-02-26 10:15:00,216.5,216.73,216.5,216.51,1205
2026-02-26 10:20:00,216.51,216.51,216.51,216.51,60
2026-02-26 10:25:00,216.51,216.51,216.4,216.45,1354
2026-02-26 10:30:00,216.4,216.41,216.4,216.41,239
2026-02-26 10:35:00,216.41,216.41,216.41,216.41,417
2026-02-26 10:40:00,216.41,216.42,216.41,216.42,184
2026-02-26 10:45:00,216.42,216.5,216.42,216.5,367
2026-02-26 10:50:00,216.5,216.68,216.5,216.5,262
2026-02-26 10:55:00,216.5,217.0,216.5,216.81,4539
2026-02-26 11:00:00,216.81,217.03,216.52,217.03,8151
2026-02-26 11:05:00,217.03,217.03,216.52,216.52,1412
2026-02-26 11:10:00,216.52,216.97,216.5,216.8,1142
2026-02-26 11:15:00,216.8,217.44,216.8,217.16,1153
2026-02-26 11:20:00,217.16,217.45,217.16,217.4,649
2026-02-26 11:25:00,217.4,218.24,217.2,218.09,7273
2026-02-26 11:30:00,217.92,217.93,217.14,217.25,1611
2026-02-26 11:35:00,217.25,217.44,217.06,217.07,493
2026-02-26 11:40:00,217.07,217.1,216.8,216.8,595
2026-02-26 11:45:00,216.8,217.03,216.8,216.94,1399
2026-02-26 11:50:00,216.84,217.16,216.84,216.93,10
2026-02-26 11:55:00,216.93,216.93,216.84,216.87,324
2026-02-26 12:00:00,216.87,217.15,216.87,216.97,45
2026-02-26 12:05:00,216.97,217.02,216.97,217.02,136
2026-02-26 12:10:00,217.02,217.23,216.97,217.0,498
2026-02-26 12:15:00,217.0,217.0,216.45,216.6,6948
2026-02-26 12:20:00,216.6,216.85,216.6,216.66,132
2026-02-26 12:25:00,216.66,216.71,216.66,216.71,433
2026-02-26 12:30:00,216.71,216.79,216.6,216.6,2793
2026-02-26 12:35:00,216.6,216.71,216.5,216.5,5369
2026-02-26 12:40:00,216.5,216.8,216.48,216.6,495
2026-02-26 12:45:00,216.6,216.79,216.45,216.47,337
2026-02-26 12:50:00,216.47,216.75,216.4,216.49,3199
2026-02-26 12:55:00,216.55,216.75,216.45,216.45,1208
2026-02-26 13:00:00,216.45,216.85,216.45,216.85,115
2026-02-26 13:05:00,216.85,216.85,216.53,216.53,137
2026-02-26 13:10:00,216.53,216.78,216.53,216.55,84
2026-02-26 13:15:00,216.55,216.55,216.2,216.22,5601
2026-02-26 13:20:00,216.22,216.4,216.15,216.15,491
2026-02-26 13:25:00,216.15,216.16,216.15,216.16,301
2026-02-26 13:30:00,216.4,216.4,216.2,216.2,77
2026-02-26 13:35:00,216.2,216.41,216.2,216.2,556
2026-02-26 13:40:00,216.33,216.37,216.2,216.2,280
2026-02-26 13:45:00,216.2,216.36,216.2,216.2,72
2026-02-26 13:50:00,216.2,216.2,215.25,215.81,16194
2026-02-26 13:55:00,215.81,215.81,215.47,215.76,139
2026-02-26 14:00:00,215.66,215.9,215.59,215.76,946
2026-02-26 14:05:00,215.76,215.99,215.75,215.84,2350
2026-02-26 14:10:00,215.84,216.09,215.84,216.0,546
2026-02-26 14:15:00,216.0,216.28,216.0,216.28,607
2026-02-26 14:20:00,216.19,216.38,216.0,216.31,618
2026-02-26 14:25:00,216.07,216.38,216.03,216.37,356
2026-02-26 14:30:00,216.22,216.72,216.17,216.58,892
2026-02-26 14:35:00,216.58,216.94,216.58,216.67,613
2026-02-26 14:40:00,216.67,216.94,216.67,216.77,713
2026-02-26 14:45:00,216.77,216.94,216.77,216.82,467
2026-02-26 14:50:00,216.82,216.93,216.7,216.76,659
2026-02-26 14:55:00,216.76,217.02,216.76,216.81,1281
2026-02-26 15:00:00,217.01,217.01,216.75,216.75,3684
2026-02-26 15:05:00,216.75,217.07,216.75,217.0,3493
2026-02-26 15:10:00,217.0,217.27,216.48,216.48,7529
2026-02-26 15:15:00,216.47,216.5,216.47,216.5,4297
2026-02-26 15:20:00,216.49,216.77,215.5,216.1,14833
2026-02-26 15:25:00,216.1,216.5,215.65,216.5,4323
2026-02-27 09:15:00,218.13,218.13,215.6,216.24,13926
2026-02-27 09:20:00,216.25,216.75,216.25,216.75,2875
2026-02-27 09:25:00,216.75,216.8,216.25,216.25,6385
2026-02-27 09:30:00,216.25,216.31,216.0,216.0,6951
2026-02-27 09:35:00,216.0,216.0,215.75,215.75,3796
2026-02-27 09:40:00,215.75,215.85,215.6,215.61,4781
2026-02-27 09:45:00,215.61,215.61,215.5,215.5,2478
2026-02-27 09:50:00,215.5,215.5,215.1,215.1,4724
2026-02-27 09:55:00,215.15,215.15,215.1,215.11,3268
2026-02-27 10:00:00,215.11,215.21,215.1,215.1,1078
2026-02-27 10:05:00,215.1,215.14,214.93,215.11,16531
2026-02-27 10:10:00,215.11,215.12,215.03,215.03,1264
2026-02-27 10:15:00,215.03,215.19,215.03,215.05,108
2026-02-27 10:20:00,215.05,215.12,215.05,215.12,1800
2026-02-27 10:25:00,215.12,215.19,215.05,215.05,263
2026-02-27 10:30:00,215.05,215.05,214.81,214.82,3442
2026-02-27 10:35:00,214.82,215.03,214.82,215.0,1545
2026-02-27 10:40:00,215.0,215.0,214.83,214.85,354
2026-02-27 10:45:00,214.85,215.0,214.25,214.25,14691
2026-02-27 10:50:00,214.35,214.35,214.14,214.16,706
2026-02-27 10:55:00,214.16,214.36,214.0,214.0,7610
2026-02-27 11:00:00,214.0,214.31,214.0,214.24,1365
2026-02-27 11:05:00,214.24,214.49,213.75,213.75,8573
2026-02-27 11:10:00,213.75,213.91,213.75,213.75,1523
2026-02-27 11:15:00,213.75,214.05,213.75,213.9,1628
2026-02-27 11:20:00,213.9,214.13,213.76,213.76,3604
2026-02-27 11:25:00,213.76,214.0,213.76,213.8,280
2026-02-27 11:30:00,213.8,213.8,213.76,213.76,241
2026-02-27 11:35:00,213.65,213.76,213.5,213.76,3545
2026-02-27 11:40:00,213.76,214.03,213.76,213.76,3275
2026-02-27 11:45:00,213.76,214.0,213.76,214.0,1365
2026-02-27 11:50:00,214.0,214.02,213.78,213.85,702
2026-02-27 11:55:00,213.85,214.25,213.85,213.86,702
2026-02-27 12:00:00,213.86,213.99,213.81,213.88,76
2026-02-27 12:05:00,213.83,213.88,213.76,213.76,342
2026-02-27 12:10:00,213.76,213.76,213.6,213.62,1042
2026-02-27 12:15:00,213.62,213.77,213.56,213.64,595
2026-02-27 12:20:00,213.64,214.16,213.64,213.85,2323
2026-02-27 12:25:00,213.85,214.14,213.85,213.91,367
2026-02-27 12:30:00,213.91,214.14,213.91,213.93,58
2026-02-27 12:35:00,213.93,213.98,213.93,213.98,72
2026-02-27 12:40:00,213.98,214.17,213.98,214.05,2045
2026-02-27 12:45:00,214.05,214.08,214.0,214.08,547
2026-02-27 12:50:00,214.08,214.2,214.08,214.1,9
2026-02-27 12:55:00,214.1,214.45,214.1,214.2,500
2026-02-27 13:00:00,214.2,214.38,213.75,213.79,5412
2026-02-27 13:05:00,213.79,213.91,213.77,213.81,465
2026-02-27 13:10:00,213.81,214.06,213.81,213.98,214
2026-02-27 13:15:00,213.98,214.01,213.82,213.83,340
2026-02-27 13:20:00,213.83,214.07,213.8,213.98,1100
2026-02-27 13:25:00,213.81,213.98,213.75,213.92,296
2026-02-27 13:30:00,213.92,214.05,213.76,213.94,548
2026-02-27 13:35:00,213.94,214.07,213.76,214.03,788
2026-02-27 13:40:00,214.03,214.2,213.81,214.03,993
2026-02-27 13:45:00,214.03,214.13,214.0,214.12,976
2026-02-27 13:50:00,214.12,214.32,214.0,214.02,368
2026-02-27 13:55:00,214.02,214.19,214.0,214.11,222
2026-02-27 14:00:00,214.11,214.16,214.0,214.01,478
2026-02-27 14:05:00,214.01,214.15,214.01,214.15,196
2026-02-27 14:10:00,214.15,214.36,214.02,214.07,200
2026-02-27 14:15:00,214.07,214.39,214.07,214.39,153
2026-02-27 14:20:00,214.39,214.58,214.24,214.47,757
2026-02-27 14:25:00,214.47,214.48,214.25,214.4,497
2026-02-27 14:30:00,214.3,214.45,214.3,214.3,313
2026-02-27 14:35:00,214.3,214.31,214.3,214.31,348
2026-02-27 14:40:00,214.31,214.51,214.31,214.32,80
2026-02-27 14:45:00,214.32,214.67,214.32,214.51,3455
2026-02-27 14:50:00,214.51,214.68,214.41,214.44,1226
2026-02-27 14:55:00,214.44,214.5,214.38,214.38,941
2026-02-27 15:00:00,214.5,214.5,214.05,214.21,7428
2026-02-27 15:05:00,214.21,214.85,214.01,214.85,9252
2026-02-27 15:10:00,214.72,214.72,214.0,214.35,9991
2026-02-27 15:15:00,214.01,214.39,213.75,213.95,10929
2026-02-27 15:20:00,214.04,214.8,214.04,214.1,7516
2026-02-27 15:25:00,214.1,215.33,213.8,214.0,10615
2026-03-02 09:15:00,207.8,210.0,207.8,208.58,18475
2026-03-02 09:20:00,208.56,209.47,208.25,208.56,7289
2026-03-02 09:25:00,208.58,209.15,208.32,208.96,12032
2026-03-02 09:30:00,209.2,209.79,208.89,209.47,2832
2026-03-02 09:35:00,209.69,209.7,209.17,209.39,1993
2026-03-02 09:40:00,209.37,210.0,209.1,209.79,3519
2026-03-02 09:45:00,210.0,210.57,209.7,209.9,5825
2026-03-02 09:50:00,209.9,209.9,209.28,209.45,1115
2026-03-02 09:55:00,209.28,210.32,209.17,209.79,7131
2026-03-02 10:00:00,209.79,209.89,209.51,209.7,672
2026-03-02 10:05:00,209.7,209.7,209.23,209.54,1874
2026-03-02 10:10:00,209.54,209.78,209.17,209.4,2090
2026-03-02 10:15:00,209.17,209.17,208.9,208.93,3778
2026-03-02 10:20:00,208.93,209.09,208.8,208.84,453
2026-03-02 10:25:00,208.84,209.01,208.66,208.85,292
2026-03-02 10:30:00,208.85,208.85,208.6,208.73,696
2026-03-02 10:35:00,208.73,208.75,208.54,208.72,443
2026-03-02 10:40:00,208.72,208.72,208.2,208.36,540
2026-03-02 10:45:00,208.36,208.36,208.1,208.2,324
2026-03-02 10:50:00,208.2,208.22,208.1,208.1,1341
2026-03-02 10:55:00,208.1,208.33,208.1,208.33,3138
2026-03-02 11:00:00,208.33,208.4,208.14,208.14,471
2026-03-02 11:05:00,208.14,208.34,208.1,208.1,1555
2026-03-02 11:10:00,208.1,208.27,207.61,207.71,10635
2026-03-02 11:15:00,207.71,207.83,207.3,207.3,3353
2026-03-02 11:20:00,207.25,207.25,207.01,207.18,501
2026-03-02 11:25:00,207.18,207.48,207.18,207.29,327
2026-03-02 11:30:00,207.25,207.26,207.04,207.2,456
2026-03-02 11:35:00,207.06,207.06,206.75,206.91,1369
2026-03-02 11:40:00,206.91,206.91,206.81,206.81,946
2026-03-02 11:45:00,206.81,207.5,206.81,206.99,2522
2026-03-02 11:50:00,206.85,207.1,206.8,206.82,2989
2026-03-02 11:55:00,206.82,206.9,206.8,206.8,367
2026-03-02 12:00:00,206.8,207.07,206.8,206.82,1240
2026-03-02 12:05:00,206.82,206.98,206.65,206.98,2554
2026-03-02 12:10:00,206.98,206.98,206.66,206.87,1615
2026-03-02 12:15:00,206.86,206.86,206.61,206.69,311
2026-03-02 12:20:00,206.69,207.22,206.5,207.0,1993
2026-03-02 12:25:00,207.0,207.13,206.8,207.05,999
2026-03-02 12:30:00,207.05,207.5,206.89,207.5,2049
2026-03-02 12:35:00,207.5,207.88,206.97,206.97,6060
2026-03-02 12:40:00,206.97,207.2,206.67,206.94,2278
2026-03-02 12:45:00,206.94,207.02,206.52,206.86,1316
2026-03-02 12:50:00,206.86,207.07,206.86,206.9,170
2026-03-02 12:55:00,206.75,207.05,206.67,206.67,1368
2026-03-02 13:00:00,206.67,207.21,206.67,207.21,188
2026-03-02 13:05:00,207.21,207.26,207.0,207.16,4087
2026-03-02 13:10:00,207.16,207.16,206.95,206.95,241
2026-03-02 13:15:00,206.95,207.11,206.95,207.0,355
2026-03-02 13:20:00,207.0,207.0,206.6,206.6,969
2026-03-02 13:25:00,206.6,207.0,206.6,207.0,1826
2026-03-02 13:30:00,207.0,207.12,206.87,206.87,1065
2026-03-02 13:35:00,206.87,207.01,206.87,206.87,96
2026-03-02 13:40:00,206.87,206.98,206.78,206.78,845
2026-03-02 13:45:00,206.78,206.94,206.7,206.93,679
2026-03-02 13:50:00,206.93,206.93,206.51,206.51,711
2026-03-02 13:55:00,206.51,206.6,206.24,206.6,1819
2026-03-02 14:00:00,206.6,207.27,206.05,207.27,4245
2026-03-02 14:05:00,207.27,207.96,207.27,207.54,1824
2026-03-02 14:10:00,207.38,207.64,207.31,207.64,2544
2026-03-02 14:15:00,207.64,207.64,207.09,207.33,5825
2026-03-02 14:20:00,207.27,207.63,207.27,207.44,1285
2026-03-02 14:25:00,207.44,207.5,207.0,207.0,456
2026-03-02 14:30:00,207.0,207.52,207.0,207.48,554
2026-03-02 14:35:00,207.46,207.46,206.45,206.72,3250
2026-03-02 14:40:00,206.72,206.97,206.31,206.4,1813
2026-03-02 14:45:00,206.4,206.81,206.28,206.43,2533
2026-03-02 14:50:00,206.97,207.24,206.75,207.24,1452
2026-03-02 14:55:00,207.34,207.34,205.26,205.26,11745
2026-03-02 15:00:00,205.26,205.65,205.25,205.26,11313
2026-03-02 15:05:00,205.26,205.76,205.2,205.61,11871
2026-03-02 15:10:00,205.43,205.67,205.25,205.26,11086
2026-03-02 15:15:00,205.26,205.92,205.25,205.26,12957
2026-03-02 15:20:00,205.26,205.73,205.25,205.7,11809
2026-03-02 15:25:00,205.7,206.7,205.25,206.5,8497
2026-03-04 09:15:00,203.5,204.0,201.7,201.77,5339
2026-03-04 09:20:00,201.61,202.0,200.85,200.86,11194
2026-03-04 09:25:00,200.87,201.27,200.25,200.72,9283
2026-03-04 09:30:00,200.72,201.1,200.5,200.84,6782
2026-03-04 09:35:00,200.84,201.09,200.55,200.75,2043
2026-03-04 09:40:00,200.75,201.32,200.58,201.32,3452
2026-03-04 09:45:00,201.32,201.44,199.5,199.75,20437
2026-03-04 09:50:00,199.75,199.81,199.0,199.41,9256
2026-03-04 09:55:00,199.41,200.98,199.3,200.5,13292
2026-03-04 10:00:00,200.5,201.89,200.21,201.89,8190
2026-03-04 10:05:00,201.89,202.54,201.66,202.5,3369
2026-03-04 10:10:00,202.5,202.83,202.39,202.68,2008
2026-03-04 10:15:00,202.68,202.79,202.17,202.2,1058
2026-03-04 10:20:00,202.2,202.39,202.2,202.31,922
2026-03-04 10:25:00,202.31,202.4,202.18,202.2,1282
2026-03-04 10:30:00,202.2,202.5,202.14,202.5,7685
2026-03-04 10:35:00,202.5,202.68,202.35,202.68,6112
2026-03-04 10:40:00,202.68,202.68,202.5,202.56,1179
2026-03-04 10:45:00,202.56,203.36,202.54,203.24,2631
2026-03-04 10:50:00,203.24,203.24,202.83,202.98,916
2026-03-04 10:55:00,202.98,203.09,202.67,202.92,690
2026-03-04 11:00:00,202.92,203.4,202.92,203.4,439
2026-03-04 11:05:00,203.4,203.7,203.18,203.7,4930
2026-03-04 11:10:00,203.7,203.7,203.33,203.43,1722
2026-03-04 11:15:00,203.43,203.48,203.06,203.45,2671
2026-03-04 11:20:00,203.45,203.6,203.37,203.38,1146
2026-03-04 11:25:00,203.38,203.45,203.3,203.3,2041
2026-03-04 11:30:00,203.3,203.34,203.0,203.31,594
2026-03-04 11:35:00,203.33,203.34,203.1,203.22,345
2026-03-04 11:40:00,203.22,203.32,203.22,203.26,567
2026-03-04 11:45:00,203.26,203.68,203.26,203.53,1284
2026-03-04 11:50:00,203.53,203.63,203.5,203.51,58
2026-03-04 11:55:00,203.51,203.51,203.4,203.4,625
2026-03-04 12:00:00,203.4,203.4,203.22,203.36,477
2026-03-04 12:05:00,203.36,203.47,203.25,203.42,361
2026-03-04 12:10:00,203.42,203.42,203.09,203.32,963
2026-03-04 12:15:00,203.29,204.05,203.04,203.39,31361
2026-03-04 12:20:00,203.39,203.39,203.0,203.01,1996
2026-03-04 12:25:00,203.01,203.01,202.5,202.51,3073
2026-03-04 12:30:00,202.51,202.66,202.0,202.45,5752
2026-03-04 12:35:00,202.45,202.45,202.08,202.25,866
2026-03-04 12:40:00,202.25,202.25,202.04,202.2,1007
2026-03-04 12:45:00,202.2,202.52,202.2,202.4,928
2026-03-04 12:50:00,202.4,202.4,202.33,202.33,129
2026-03-04 12:55:00,202.33,202.6,202.33,202.43,1199
2026-03-04 13:00:00,202.43,204.24,202.43,204.04,14487
2026-03-04 13:05:00,204.04,204.05,204.0,204.0,32714
2026-03-04 13:10:00,204.0,204.06,204.0,204.05,508
2026-03-04 13:15:00,204.06,204.09,204.0,204.03,374
2026-03-04 13:20:00,204.03,204.21,204.0,204.11,361
2026-03-04 13:25:00,204.11,204.21,204.05,204.05,802
2026-03-04 13:30:00,204.05,204.42,203.74,203.74,6861
2026-03-04 13:35:00,203.74,203.74,203.58,203.58,146
2026-03-04 13:40:00,203.58,203.92,203.58,203.87,1381
2026-03-04 13:45:00,203.88,203.94,203.71,203.72,1376
2026-03-04 13:50:00,203.72,203.78,203.6,203.6,371
2026-03-04 13:55:00,203.6,203.6,203.5,203.58,583
2026-03-04 14:00:00,203.58,203.9,203.58,203.76,1678
2026-03-04 14:05:00,203.76,204.15,203.7,203.92,1815
2026-03-04 14:10:00,203.92,204.32,203.92,204.32,1760
2026-03-04 14:15:00,204.32,204.43,204.32,204.4,551
2026-03-04 14:20:00,204.4,204.85,204.3,204.3,2760
2026-03-04 14:25:00,204.3,204.3,204.07,204.21,896
2026-03-04 14:30:00,204.21,204.58,204.21,204.46,994
2026-03-04 14:35:00,204.46,204.64,204.32,204.55,395
2026-03-04 14:40:00,204.55,205.2,204.55,205.03,8911
2026-03-04 14:45:00,205.03,205.16,204.6,205.12,930
2026-03-04 14:50:00,205.12,205.49,204.88,205.25,1147
2026-03-04 14:55:00,205.25,206.08,205.11,205.93,5497
2026-03-04 15:00:00,206.08,206.08,205.14,205.46,3768
2026-03-04 15:05:00,205.46,206.29,205.01,206.16,12762
2026-03-04 15:10:00,206.26,206.26,205.5,205.5,4796
2026-03-04 15:15:00,205.49,206.36,205.46,205.6,7545
2026-03-04 15:20:00,205.7,206.36,205.03,205.24,10052
2026-03-04 15:25:00,205.24,205.82,205.01,205.01,6400
2026-03-05 09:15:00,206.0,206.0,203.22,203.65,9682
2026-03-05 09:20:00,203.65,203.93,202.69,203.7,7187
2026-03-05 09:25:00,203.7,203.94,203.35,203.77,6984
2026-03-05 09:30:00,203.77,203.87,203.05,203.05,1748
2026-03-05 09:35:00,203.28,203.93,203.05,203.1,9354
2026-03-05 09:40:00,203.1,203.57,203.05,203.06,1549
2026-03-05 09:45:00,203.06,203.69,203.06,203.69,981
2026-03-05 09:50:00,203.69,203.72,203.53,203.72,3076
2026-03-05 09:55:00,203.72,203.75,203.5,203.75,2476
2026-03-05 10:00:00,203.75,203.91,203.5,203.5,1268
2026-03-05 10:05:00,203.5,203.59,203.14,203.14,1114
2026-03-05 10:10:00,203.14,203.34,202.47,202.68,10293
2026-03-05 10:15:00,202.68,202.7,202.1,202.1,1031
2026-03-05 10:20:00,202.1,202.35,202.02,202.27,5005
2026-03-05 10:25:00,202.27,202.28,202.01,202.01,1885
2026-03-05 10:30:00,202.01,202.19,202.01,202.02,486
2026-03-05 10:35:00,202.02,202.35,202.02,202.3,2027
2026-03-05 10:40:00,202.3,202.66,202.3,202.66,830
2026-03-05 10:45:00,202.66,202.67,202.1,202.37,980
2026-03-05 10:50:00,202.37,202.37,202.01,202.2,1569
2026-03-05 10:55:00,202.2,202.58,202.1,202.58,685
2026-03-05 11:00:00,202.58,202.6,202.37,202.37,556
2026-03-05 11:05:00,202.37,202.69,202.37,202.67,619
2026-03-05 11:10:00,202.67,202.92,202.51,202.7,1055
2026-03-05 11:15:00,202.7,203.13,202.7,203.13,3475
2026-03-05 11:20:00,203.03,203.18,202.37,202.37,8579
2026-03-05 11:25:00,202.37,202.69,202.1,202.69,2693
2026-03-05 11:30:00,202.69,202.85,202.59,202.59,424
2026-03-05 11:35:00,202.59,202.74,202.14,202.14,293
2026-03-05 11:40:00,202.14,202.52,202.14,202.42,309
2026-03-05 11:45:00,202.42,202.5,202.01,202.01,1641
2026-03-05 11:50:00,202.01,202.13,202.0,202.1,2650
2026-03-05 11:55:00,202.1,202.39,202.1,202.37,216
2026-03-05 12:00:00,202.37,202.37,202.15,202.37,219
2026-03-05 12:05:00,202.37,202.63,202.37,202.46,42
2026-03-05 12:10:00,202.46,202.8,202.45,202.6,2651
2026-03-05 12:15:00,202.6,202.8,202.58,202.59,512
2026-03-05 12:20:00,202.59,202.8,202.55,202.64,341
2026-03-05 12:25:00,202.64,202.96,202.64,202.96,748
2026-03-05 12:30:00,202.96,203.0,202.85,203.0,689
2026-03-05 12:35:00,203.0,203.0,202.65,202.65,574
2026-03-05 12:40:00,202.65,202.78,202.64,202.78,139
2026-03-05 12:45:00,202.78,202.78,202.37,202.48,1631
2026-03-05 12:50:00,202.48,202.63,202.48,202.63,2658
2026-03-05 12:55:00,202.63,202.65,202.5,202.64,306
2026-03-05 13:00:00,202.64,202.65,202.4,202.4,295
2026-03-05 13:05:00,202.4,202.5,202.37,202.37,181
2026-03-05 13:10:00,202.37,202.93,202.37,202.93,4292
2026-03-05 13:15:00,202.93,202.93,202.54,202.66,1579
2026-03-05 13:20:00,202.66,202.77,202.47,202.77,578
2026-03-05 13:25:00,202.77,202.82,202.6,202.74,1023
2026-03-05 13:30:00,202.74,203.22,202.6,202.95,5504
2026-03-05 13:35:00,202.95,202.95,202.6,202.66,448
2026-03-05 13:40:00,202.66,202.91,202.66,202.91,523
2026-03-05 13:45:00,202.91,202.91,202.77,202.77,173
2026-03-05 13:50:00,202.77,202.89,202.5,202.55,953
2026-03-05 13:55:00,202.55,202.57,202.44,202.57,437
2026-03-05 14:00:00,202.57,203.06,202.38,203.03,8264
2026-03-05 14:05:00,203.03,203.03,202.54,202.69,1514
2026-03-05 14:10:00,202.69,202.69,202.4,202.4,1520
2026-03-05 14:15:00,202.4,202.7,202.37,202.62,1644
2026-03-05 14:20:00,202.62,202.99,202.62,202.99,1100
2026-03-05 14:25:00,202.92,202.96,202.79,202.96,381
2026-03-05 14:30:00,202.94,202.99,202.46,202.67,690
2026-03-05 14:35:00,202.67,202.68,202.42,202.68,303
2026-03-05 14:40:00,202.68,203.51,202.68,203.51,1547
2026-03-05 14:45:00,203.51,203.67,203.41,203.41,5120
2026-03-05 14:50:00,203.41,203.58,203.31,203.52,366
2026-03-05 14:55:00,203.52,203.7,203.52,203.7,4841
2026-03-05 15:00:00,203.7,204.16,203.61,203.86,2873
2026-03-05 15:05:00,203.86,204.48,203.55,204.01,5081
2026-03-05 15:10:00,204.05,204.05,203.38,203.38,2801
2026-03-05 15:15:00,203.79,203.85,203.7,203.7,3999
2026-03-05 15:20:00,203.67,203.7,203.2,203.69,5552
2026-03-05 15:25:00,203.69,205.0,203.69,203.71,8269
2026-03-06 09:15:00,203.89,204.6,200.76,201.12,7672
2026-03-06 09:20:00,201.56,202.02,201.43,201.6,4096
2026-03-06 09:25:00,201.6,202.0,201.23,201.83,7223
2026-03-06 09:30:00,201.81,202.0,201.16,201.27,5195
2026-03-06 09:35:00,201.27,201.54,201.21,201.27,3250
2026-03-06 09:40:00,201.43,201.67,201.22,201.47,1255
2026-03-06 09:45:00,201.47,201.71,201.41,201.5,305
2026-03-06 09:50:00,201.5,201.63,201.4,201.52,3121
2026-03-06 09:55:00,201.52,201.9,201.05,201.38,9204
2026-03-06 10:00:00,201.38,201.51,201.1,201.39,580
2026-03-06 10:05:00,201.39,201.5,201.25,201.42,263
2026-03-06 10:10:00,201.69,201.89,201.41,201.52,2023
2026-03-06 10:15:00,201.52,201.65,201.52,201.55,596
2026-03-06 10:20:00,201.55,201.65,201.55,201.55,85
2026-03-06 10:25:00,201.55,201.69,201.55,201.68,504
2026-03-06 10:30:00,201.68,201.68,201.2,201.2,839
2026-03-06 10:35:00,201.2,201.2,200.9,201.15,7673
2026-03-06 10:40:00,201.15,201.15,200.75,201.09,1538
2026-03-06 10:45:00,200.81,201.08,200.34,200.34,4058
2026-03-06 10:50:00,200.34,200.8,200.34,200.75,911
2026-03-06 10:55:00,200.75,200.75,200.51,200.68,701
2026-03-06 11:00:00,200.68,201.15,200.68,201.15,98
2026-03-06 11:05:00,201.15,201.15,200.68,200.84,681
2026-03-06 11:10:00,200.84,200.84,200.7,200.8,639
2026-03-06 11:15:00,200.8,200.8,200.63,200.8,562
2026-03-06 11:20:00,200.8,200.96,200.45,200.64,2895
2026-03-06 11:25:00,200.64,200.71,200.31,200.67,916
2026-03-06 11:30:00,200.67,200.8,200.66,200.8,668
2026-03-06 11:35:00,200.8,200.8,200.67,200.71,408
2026-03-06 11:40:00,200.71,200.87,200.6,200.8,1271
2026-03-06 11:45:00,200.8,200.93,200.8,200.8,106
2026-03-06 11:50:00,200.8,200.8,200.8,200.8,63
2026-03-06 11:55:00,200.8,200.84,200.8,200.84,207
2026-03-06 12:00:00,200.84,200.95,200.8,200.8,492
2026-03-06 12:05:00,200.8,200.83,200.56,200.6,681
2026-03-06 12:10:00,200.6,200.79,200.6,200.6,44
2026-03-06 12:15:00,200.6,200.81,200.6,200.8,133
2026-03-06 12:20:00,200.85,200.85,200.6,200.79,659
2026-03-06 12:25:00,200.61,200.79,200.61,200.61,957
2026-03-06 12:30:00,200.61,201.0,200.61,200.8,934
2026-03-06 12:35:00,200.8,201.29,200.63,201.18,2918
2026-03-06 12:40:00,201.18,201.45,201.0,201.08,1574
2026-03-06 12:45:00,201.08,201.12,201.08,201.09,139
2026-03-06 12:50:00,201.09,201.36,200.8,201.19,2694
2026-03-06 12:55:00,201.19,201.37,201.04,201.11,342
2026-03-06 13:00:00,201.11,201.4,201.11,201.39,231
2026-03-06 13:05:00,201.39,201.52,201.39,201.39,23
2026-03-06 13:10:00,201.39,201.57,201.39,201.39,311
2026-03-06 13:15:00,201.39,201.67,201.39,201.45,348
2026-03-06 13:20:00,201.45,201.68,201.45,201.63,950
2026-03-06 13:25:00,201.63,201.63,201.61,201.61,1
2026-03-06 13:30:00,201.61,201.85,201.6,201.6,322
2026-03-06 13:35:00,201.6,201.81,201.26,201.31,3712
2026-03-06 13:40:00,201.31,201.73,201.31,201.73,556
2026-03-06 13:45:00,201.73,201.73,201.41,201.51,221
2026-03-06 13:50:00,201.51,201.73,201.51,201.73,96
2026-03-06 13:55:00,201.58,201.75,201.55,201.6,230
2026-03-06 14:00:00,201.6,201.75,201.6,201.61,119
2026-03-06 14:05:00,201.61,202.7,201.61,202.66,9218
2026-03-06 14:10:00,202.66,203.5,202.6,203.33,3828
2026-03-06 14:15:00,203.33,204.26,203.3,204.13,9140
2026-03-06 14:20:00,204.13,204.5,203.82,204.03,26934
2026-03-06 14:25:00,204.03,204.44,204.03,204.19,1260
2026-03-06 14:30:00,204.42,204.46,203.75,203.95,2347
2026-03-06 14:35:00,203.96,204.28,203.72,204.02,2083
2026-03-06 14:40:00,204.02,204.41,203.91,204.27,14279
2026-03-06 14:45:00,204.13,204.45,204.01,204.08,1302
2026-03-06 14:50:00,204.08,204.1,204.0,204.0,4278
2026-03-06 14:55:00,203.93,204.24,203.75,204.01,10177
2026-03-06 15:00:00,204.01,204.47,204.01,204.03,6078
2026-03-06 15:05:00,204.03,204.16,203.65,204.0,16363
2026-03-06 15:10:00,204.0,204.16,203.81,204.07,7066
2026-03-06 15:15:00,204.07,204.53,204.07,204.34,5154
2026-03-06 15:20:00,204.34,204.53,203.64,204.0,21974
2026-03-06 15:25:00,204.0,204.0,203.25,203.25,16152
2026-03-09 09:15:00,200.0,201.98,197.0,197.2,18110
2026-03-09 09:20:00,197.25,197.78,196.53,196.82,14099
2026-03-09 09:25:00,196.78,197.8,196.53,197.28,6661
2026-03-09 09:30:00,197.28,197.61,197.01,197.34,4792
2026-03-09 09:35:00,197.34,197.68,197.0,197.0,6329
2026-03-09 09:40:00,197.23,197.66,197.0,197.62,3958
2026-03-09 09:45:00,197.62,197.83,197.34,197.73,6252
2026-03-09 09:50:00,197.73,197.73,197.3,197.3,4807
2026-03-09 09:55:00,197.3,198.26,197.3,198.16,7840
2026-03-09 10:00:00,198.0,198.0,197.31,197.51,9094
2026-03-09 10:05:00,197.51,197.84,197.38,197.83,2013
2026-03-09 10:10:00,197.83,198.07,197.7,198.0,2272
2026-03-09 10:15:00,198.0,198.0,197.53,197.53,374
2026-03-09 10:20:00,197.53,197.87,197.53,197.7,1295
2026-03-09 10:25:00,197.7,197.82,197.62,197.8,685
2026-03-09 10:30:00,197.8,197.86,197.51,197.73,5035
2026-03-09 10:35:00,197.73,197.87,197.5,197.56,1451
2026-03-09 10:40:00,197.56,197.89,197.54,197.54,1614
2026-03-09 10:45:00,197.68,197.68,197.3,197.38,3021
2026-03-09 10:50:00,197.38,197.96,197.3,197.96,2583
2026-03-09 10:55:00,197.76,198.97,197.76,198.76,13831
2026-03-09 11:00:00,198.76,199.25,198.61,198.88,4921
2026-03-09 11:05:00,198.88,198.88,198.15,198.15,711
2026-03-09 11:10:00,198.15,198.44,198.0,198.28,1256
2026-03-09 11:15:00,198.27,198.5,198.0,198.5,1818
2026-03-09 11:20:00,198.5,198.5,198.1,198.1,267
2026-03-09 11:25:00,198.1,198.62,198.03,198.42,690
2026-03-09 11:30:00,198.42,198.43,198.27,198.27,320
2026-03-09 11:35:00,198.27,198.56,198.25,198.37,1175
2026-03-09 11:40:00,198.37,198.71,198.37,198.68,857
2026-03-09 11:45:00,198.68,199.0,198.5,198.85,2927
2026-03-09 11:50:00,198.85,198.85,198.56,198.8,275
2026-03-09 11:55:00,198.8,198.8,197.64,197.64,29380
2026-03-09 12:00:00,197.69,198.11,197.49,198.0,1240
2026-03-09 12:05:00,198.0,198.2,197.8,197.8,761
2026-03-09 12:10:00,197.8,197.85,197.63,197.64,570
2026-03-09 12:15:00,197.64,197.71,197.63,197.63,455
2026-03-09 12:20:00,197.63,197.69,197.5,197.69,321
2026-03-09 12:25:00,197.69,197.8,197.69,197.78,125
2026-03-09 12:30:00,197.78,198.16,197.71,198.16,445
2026-03-09 12:35:00,198.16,198.24,197.81,198.24,1363
2026-03-09 12:40:00,198.24,198.38,198.2,198.2,808
2026-03-09 12:45:00,198.2,198.2,197.81,198.05,842
2026-03-09 12:50:00,198.05,198.23,198.05,198.23,118
2026-03-09 12:55:00,198.23,198.23,198.05,198.08,749
2026-03-09 13:00:00,198.08,198.33,198.08,198.08,543
2026-03-09 13:05:00,198.08,198.7,198.08,198.7,2031
2026-03-09 13:10:00,198.7,198.7,198.35,198.35,436
2026-03-09 13:15:00,198.35,198.35,198.2,198.26,184
2026-03-09 13:20:00,198.26,198.43,198.2,198.41,323
2026-03-09 13:25:00,198.4,198.4,198.17,198.31,317
2026-03-09 13:30:00,198.31,198.54,198.31,198.46,647
2026-03-09 13:35:00,198.12,198.35,198.1,198.2,427
2026-03-09 13:40:00,198.2,198.31,198.2,198.31,111
2026-03-09 13:45:00,198.38,198.38,198.21,198.21,432
2026-03-09 13:50:00,198.21,198.22,198.2,198.22,208
2026-03-09 13:55:00,198.22,198.22,198.1,198.1,215
2026-03-09 14:00:00,198.1,198.15,198.1,198.15,448
2026-03-09 14:05:00,198.15,198.3,198.11,198.13,1246
2026-03-09 14:10:00,198.13,198.3,198.13,198.15,341
2026-03-09 14:15:00,198.15,198.2,198.1,198.2,2459
2026-03-09 14:20:00,198.2,198.2,197.75,197.91,5229
2026-03-09 14:25:00,197.91,198.27,197.75,197.91,2445
2026-03-09 14:30:00,197.91,197.99,197.75,197.99,865
2026-03-09 14:35:00,197.99,197.99,197.78,197.91,2805
2026-03-09 14:40:00,197.91,198.21,197.76,198.16,1076
2026-03-09 14:45:00,198.16,198.21,197.91,198.06,7424
2026-03-09 14:50:00,198.06,198.2,198.0,198.02,1250
2026-03-09 14:55:00,198.02,198.15,197.75,198.01,7261
2026-03-09 15:00:00,198.01,198.22,198.0,198.22,1993
2026-03-09 15:05:00,198.22,198.5,197.92,198.09,2722
2026-03-09 15:10:00,198.09,198.12,197.8,198.12,3061
2026-03-09 15:15:00,197.8,198.48,197.8,198.48,3666
2026-03-09 15:20:00,198.48,198.49,198.03,198.03,7191
2026-03-09 15:25:00,198.0,198.3,197.87,198.0,7189
2026-03-10 09:15:00,201.35,201.35,199.0,199.63,9592
2026-03-10 09:20:00,199.82,200.73,199.63,199.92,2661
2026-03-10 09:25:00,199.92,200.22,199.75,200.0,7481
2026-03-10 09:30:00,200.0,200.5,200.0,200.13,4958
2026-03-10 09:35:00,200.1,200.2,199.87,200.01,5497
2026-03-10 09:40:00,200.01,200.7,200.01,200.65,880
2026-03-10 09:45:00,200.65,200.65,200.43,200.45,1882
2026-03-10 09:50:00,200.45,200.86,200.45,200.62,3458
2026-03-10 09:55:00,200.62,200.62,200.3,200.31,881
2026-03-10 10:00:00,200.31,200.6,200.31,200.58,2982
2026-03-10 10:05:00,200.58,200.58,199.5,199.61,28521
2026-03-10 10:10:00,199.5,199.6,199.4,199.54,12397
2026-03-10 10:15:00,199.54,200.01,199.54,200.01,66202
2026-03-10 10:20:00,200.01,200.62,200.01,200.3,917
2026-03-10 10:25:00,200.3,200.45,199.89,200.0,6226
2026-03-10 10:30:00,200.0,200.0,199.75,200.0,60137
2026-03-10 10:35:00,200.0,200.29,199.98,199.98,17043
2026-03-10 10:40:00,199.98,200.62,199.98,200.47,505
2026-03-10 10:45:00,200.47,200.65,200.43,200.65,1668
2026-03-10 10:50:00,200.65,200.65,200.4,200.54,1356
2026-03-10 10:55:00,200.54,200.54,200.29,200.29,169
2026-03-10 11:00:00,200.29,200.38,200.0,200.38,670
2026-03-10 11:05:00,200.38,200.49,200.33,200.46,526
2026-03-10 11:10:00,200.46,200.61,200.0,200.0,3157
2026-03-10 11:15:00,200.0,200.02,200.0,200.02,191
2026-03-10 11:20:00,200.02,200.2,200.0,200.0,463
2026-03-10 11:25:00,200.0,200.2,199.75,199.99,3802
2026-03-10 11:30:00,199.99,200.58,199.81,200.01,14364
2026-03-10 11:35:00,200.01,200.3,200.01,200.3,13
2026-03-10 11:40:00,200.3,200.3,200.03,200.27,306
2026-03-10 11:45:00,200.27,200.38,200.1,200.32,577
2026-03-10 11:50:00,200.32,200.32,200.0,200.0,527
2026-03-10 11:55:00,200.0,200.0,199.94,199.94,2992
2026-03-10 12:00:00,199.94,199.94,199.92,199.94,342
2026-03-10 12:05:00,199.94,199.98,199.9,199.9,1018
2026-03-10 12:10:00,199.9,199.99,199.8,199.8,877
2026-03-10 12:15:00,199.8,200.18,199.68,200.18,5048
2026-03-10 12:20:00,200.18,200.18,199.73,200.1,422
2026-03-10 12:25:00,200.1,200.1,199.82,199.83,365
2026-03-10 12:30:00,199.83,200.05,198.59,198.68,25061
2026-03-10 12:35:00,198.68,198.83,198.3,198.3,3633
2026-03-10 12:40:00,198.3,198.48,198.25,198.39,1190
2026-03-10 12:45:00,198.39,198.62,198.39,198.62,451
2026-03-10 12:50:00,198.62,198.62,198.5,198.59,887
2026-03-10 12:55:00,198.59,198.87,198.51,198.8,653
2026-03-10 13:00:00,198.65,198.92,198.65,198.75,1468
2026-03-10 13:05:00,198.75,198.8,198.5,198.61,3070
2026-03-10 13:10:00,198.5,198.89,198.5,198.89,790
2026-03-10 13:15:00,198.83,198.83,198.61,198.61,2972
2026-03-10 13:20:00,198.61,198.73,198.6,198.64,557
2026-03-10 13:25:00,198.64,198.9,198.64,198.89,746
2026-03-10 13:30:00,198.89,198.98,198.8,198.89,979
2026-03-10 13:35:00,198.89,199.0,198.8,198.93,975
2026-03-10 13:40:00,198.93,198.97,198.75,198.76,1634
2026-03-10 13:45:00,198.76,198.89,198.75,198.84,910
2026-03-10 13:50:00,198.75,198.96,198.75,198.86,1472
2026-03-10 13:55:00,198.75,198.9,198.75,198.75,584
2026-03-10 14:00:00,198.75,198.9,198.51,198.72,4053
2026-03-10 14:05:00,198.64,198.9,198.64,198.89,540
2026-03-10 14:10:00,199.0,199.0,198.53,198.66,3025
2026-03-10 14:15:00,198.66,198.71,198.51,198.52,578
2026-03-10 14:20:00,198.52,198.52,198.4,198.52,3463
2026-03-10 14:25:00,198.5,198.52,198.26,198.35,3186
2026-03-10 14:30:00,198.35,198.38,198.34,198.38,304
2026-03-10 14:35:00,198.38,198.39,198.27,198.39,719
2026-03-10 14:40:00,198.39,198.41,198.17,198.17,6399
2026-03-10 14:45:00,198.17,198.33,197.75,198.33,5893
2026-03-10 14:50:00,198.33,198.34,198.01,198.34,1758
2026-03-10 14:55:00,198.34,199.16,198.34,199.06,92222
2026-03-10 15:00:00,199.25,199.46,198.75,199.37,51840
2026-03-10 15:05:00,199.37,199.7,199.26,199.59,2649
2026-03-10 15:10:00,199.59,199.75,199.59,199.75,2572
2026-03-10 15:15:00,200.3,200.43,199.95,200.41,5057
2026-03-10 15:20:00,200.41,200.58,200.15,200.17,9566
2026-03-10 15:25:00,200.17,200.48,200.0,200.2,6594
2026-03-11 09:15:00,199.57,201.75,199.57,201.75,6599
2026-03-11 09:20:00,201.75,202.23,201.41,201.41,4436
2026-03-11 09:25:00,201.41,201.41,200.38,200.76,12369
2026-03-11 09:30:00,200.76,201.17,200.39,200.9,5305
2026-03-11 09:35:00,200.9,200.91,200.4,200.69,1509
2026-03-11 09:40:00,200.69,200.8,200.46,200.8,462
2026-03-11 09:45:00,200.8,202.0,200.8,201.39,5231
2026-03-11 09:50:00,201.17,201.39,200.8,200.8,1214
2026-03-11 09:55:00,200.8,200.97,200.5,200.83,2746
2026-03-11 10:00:00,200.83,200.94,200.64,200.8,557
2026-03-11 10:05:00,200.8,200.95,200.55,200.63,961
2026-03-11 10:10:00,200.63,200.76,200.25,200.42,5358
2026-03-11 10:15:00,200.42,201.18,200.28,201.18,4072
2026-03-11 10:20:00,200.67,201.33,200.67,201.33,2192
2026-03-11 10:25:00,201.33,201.33,200.96,201.15,122
2026-03-11 10:30:00,201.15,201.44,201.1,201.2,316
2026-03-11 10:35:00,201.2,201.5,201.09,201.5,1711
2026-03-11 10:40:00,201.5,201.58,201.23,201.43,1469
2026-03-11 10:45:00,201.23,201.3,201.03,201.15,1452
2026-03-11 10:50:00,201.08,201.4,201.08,201.4,170
2026-03-11 10:55:00,201.06,201.5,201.0,201.5,14887
2026-03-11 11:00:00,201.5,201.58,201.11,201.58,2385
2026-03-11 11:05:00,201.58,202.49,201.58,202.49,8676
2026-03-11 11:10:00,202.49,202.5,201.68,201.68,1336
2026-03-11 11:15:00,201.68,201.99,201.62,201.99,681
2026-03-11 11:20:00,201.99,201.99,201.66,201.66,87
2026-03-11 11:25:00,201.66,201.66,201.38,201.38,3047
2026-03-11 11:30:00,201.38,201.54,201.38,201.38,70
2026-03-11 11:35:00,201.6,202.68,201.6,202.48,8984
2026-03-11 11:40:00,202.52,202.66,202.37,202.37,1065
2026-03-11 11:45:00,202.37,202.37,202.16,202.35,113
2026-03-11 11:50:00,202.35,202.45,202.16,202.41,1177
2026-03-11 11:55:00,202.41,202.5,202.17,202.47,772
2026-03-11 12:00:00,202.47,202.85,201.98,202.45,6066
2026-03-11 12:05:00,202.45,202.68,202.34,202.34,98
2026-03-11 12:10:00,202.34,203.11,202.22,202.47,9868
2026-03-11 12:15:00,202.6,202.98,202.56,202.62,2033
2026-03-11 12:20:00,202.62,202.63,202.28,202.59,581
2026-03-11 12:25:00,202.59,202.75,202.36,202.42,223
2026-03-11 12:30:00,202.42,202.92,202.42,202.69,295
2026-03-11 12:35:00,202.69,202.69,202.47,202.47,224
2026-03-11 12:40:00,202.47,202.89,202.07,202.72,2076
2026-03-11 12:45:00,202.72,202.76,202.51,202.51,290
2026-03-11 12:50:00,202.51,202.72,202.51,202.71,246
2026-03-11 12:55:00,202.71,203.69,202.51,203.39,40296
2026-03-11 13:00:00,203.39,203.41,203.03,203.03,1206
2026-03-11 13:05:00,203.03,203.21,203.01,203.12,283
2026-03-11 13:10:00,203.12,203.12,202.5,202.71,521
2026-03-11 13:15:00,202.71,202.71,202.15,202.59,43144
2026-03-11 13:20:00,202.59,203.0,202.58,202.99,782
2026-03-11 13:25:00,202.99,203.0,202.8,203.0,1309
2026-03-11 13:30:00,203.0,203.49,203.0,203.0,770
2026-03-11 13:35:00,203.0,203.0,202.68,202.96,694
2026-03-11 13:40:00,203.12,203.46,203.12,203.46,1353
2026-03-11 13:45:00,203.5,203.6,202.79,202.79,6925
2026-03-11 13:50:00,202.79,203.0,202.7,203.0,1976
2026-03-11 13:55:00,203.0,203.32,202.99,203.32,2043
2026-03-11 14:00:00,203.32,203.35,202.98,203.35,1537
2026-03-11 14:05:00,203.35,203.45,202.98,203.36,1922
2026-03-11 14:10:00,203.36,203.36,202.82,203.2,1494
2026-03-11 14:15:00,203.2,203.38,203.0,203.06,1495
2026-03-11 14:20:00,203.06,203.08,202.69,202.98,2375
2026-03-11 14:25:00,202.98,203.9,202.5,203.67,5546
2026-03-11 14:30:00,203.67,203.67,202.73,202.73,231
2026-03-11 14:35:00,202.73,202.81,202.27,202.32,1952
2026-03-11 14:40:00,202.32,202.59,202.18,202.18,129
2026-03-11 14:45:00,202.18,202.84,202.01,202.76,16459
2026-03-11 14:50:00,202.76,202.76,202.21,202.34,4386
2026-03-11 14:55:00,202.55,202.55,201.9,201.9,2058
2026-03-11 15:00:00,201.9,202.49,201.71,202.15,49367
2026-03-11 15:05:00,202.15,202.34,201.85,201.98,1258
2026-03-11 15:10:00,201.97,201.97,201.69,201.69,1370
2026-03-11 15:15:00,201.05,201.97,201.05,201.97,33091
2026-03-11 15:20:00,201.9,202.24,201.7,201.9,8512
2026-03-11 15:25:00,201.9,202.8,200.75,200.75,6684
2026-03-12 09:15:00,200.0,200.0,197.75,198.24,9457
2026-03-12 09:20:00,198.24,198.9,198.1,198.82,6234
2026-03-12 09:25:00,198.82,199.49,198.8,199.43,3362
2026-03-12 09:30:00,199.21,199.28,198.98,199.21,6068
2026-03-12 09:35:00,199.26,199.43,199.0,199.04,4870
2026-03-12 09:40:00,199.04,199.41,199.02,199.2,2515
2026-03-12 09:45:00,199.2,199.51,199.2,199.51,726
2026-03-12 09:50:00,199.51,199.67,199.34,199.34,543
2026-03-12 09:55:00,199.73,200.49,199.51,200.49,1973
2026-03-12 10:00:00,200.49,201.3,200.21,201.19,4990
2026-03-12 10:05:00,201.19,201.19,200.23,200.23,16940
2026-03-12 10:10:00,200.23,200.4,199.75,199.77,7909
2026-03-12 10:15:00,199.77,200.3,199.76,200.22,1461
2026-03-12 10:20:00,200.22,200.22,200.0,200.05,1235
2026-03-12 10:25:00,200.05,200.27,200.05,200.27,211
2026-03-12 10:30:00,200.27,200.79,200.2,200.2,3367
2026-03-12 10:35:00,200.56,200.68,200.5,200.68,345
2026-03-12 10:40:00,200.68,200.68,200.47,200.47,56
2026-03-12 10:45:00,200.47,200.67,200.47,200.67,145
2026-03-12 10:50:00,200.67,200.76,200.5,200.5,1282
2026-03-12 10:55:00,200.5,200.76,200.5,200.76,408
2026-03-12 11:00:00,200.76,201.23,200.76,201.23,664
2026-03-12 11:05:00,201.23,201.45,201.1,201.13,1249
2026-03-12 11:10:00,201.13,201.54,201.13,201.46,322
2026-03-12 11:15:00,201.46,201.46,200.54,200.79,1316
2026-03-12 11:20:00,200.79,200.79,200.54,200.54,293
2026-03-12 11:25:00,200.74,201.0,200.74,200.94,201
2026-03-12 11:30:00,200.94,201.0,200.94,201.0,653
2026-03-12 11:35:00,201.25,201.25,201.16,201.16,690
2026-03-12 11:40:00,201.16,201.26,201.01,201.15,359
2026-03-12 11:45:00,201.15,201.42,201.15,201.42,273
2026-03-12 11:50:00,201.42,201.44,201.28,201.44,58
2026-03-12 11:55:00,201.43,201.68,201.41,201.62,654
2026-03-12 12:00:00,201.62,201.62,201.62,201.62,38
2026-03-12 12:05:00,201.62,201.8,201.0,201.16,867
2026-03-12 12:10:00,201.16,201.9,200.89,201.9,1119
2026-03-12 12:15:00,201.9,201.9,201.6,201.81,235
2026-03-12 12:20:00,201.81,201.81,201.6,201.78,1071
2026-03-12 12:25:00,201.78,201.8,201.6,201.61,189
2026-03-12 12:30:00,201.61,201.61,201.5,201.57,825
2026-03-12 12:35:00,201.57,201.57,201.2,201.2,269
2026-03-12 12:40:00,201.2,201.46,201.2,201.45,200
2026-03-12 12:45:00,201.45,201.79,201.45,201.57,940
2026-03-12 12:50:00,201.57,202.72,201.57,201.95,13301
2026-03-12 12:55:00,201.95,202.14,201.85,202.14,431
2026-03-12 13:00:00,202.14,202.14,201.91,202.0,2474
2026-03-12 13:05:00,202.0,202.37,201.64,201.68,981
2026-03-12 13:10:00,201.68,202.45,201.68,202.45,266
2026-03-12 13:15:00,202.45,203.3,202.41,203.0,6329
2026-03-12 13:20:00,203.0,203.23,202.85,202.85,2568
2026-03-12 13:25:00,202.85,203.24,202.85,203.24,2588
2026-03-12 13:30:00,203.24,203.6,203.24,203.53,5794
2026-03-12 13:35:00,203.53,204.42,203.53,203.83,8221
2026-03-12 13:40:00,203.83,203.94,202.96,202.96,2974
2026-03-12 13:45:00,202.96,203.01,202.96,202.98,320
2026-03-12 13:50:00,202.98,203.43,202.97,203.43,2295
2026-03-12 13:55:00,203.43,203.43,202.98,202.98,647
2026-03-12 14:00:00,202.98,203.3,202.98,203.02,402
2026-03-12 14:05:00,203.0,203.13,202.53,202.91,4433
2026-03-12 14:10:00,202.91,203.17,202.91,203.08,996
2026-03-12 14:15:00,203.01,203.21,202.97,203.03,1469
2026-03-12 14:20:00,203.03,203.19,203.01,203.03,717
2026-03-12 14:25:00,203.03,203.39,203.03,203.11,1678
2026-03-12 14:30:00,203.11,203.72,203.11,203.33,1147
2026-03-12 14:35:00,203.35,204.15,203.26,203.33,6845
2026-03-12 14:40:00,203.33,203.63,203.14,203.14,5595
2026-03-12 14:45:00,203.14,203.32,202.91,203.07,4865
2026-03-12 14:50:00,203.07,203.28,202.49,203.09,5599
2026-03-12 14:55:00,203.09,203.61,202.84,202.93,6099
2026-03-12 15:00:00,202.88,202.89,202.3,202.79,37539
2026-03-12 15:05:00,202.82,203.6,202.44,203.6,64849
2026-03-12 15:10:00,203.6,204.48,203.59,203.63,7686
2026-03-12 15:15:00,203.8,203.8,203.5,203.5,3748
2026-03-12 15:20:00,203.5,203.83,203.5,203.7,9149
2026-03-12 15:25:00,203.73,204.66,203.25,204.5,14255
2026-03-13 09:15:00,202.0,203.55,201.93,203.33,25639
2026-03-13 09:20:00,203.33,203.89,203.05,203.63,8439
2026-03-13 09:25:00,203.63,205.18,203.63,205.01,6124
2026-03-13 09:30:00,205.3,205.5,203.82,203.82,15165
2026-03-13 09:35:00,203.82,205.04,203.7,204.8,7314
2026-03-13 09:40:00,204.8,205.34,204.51,205.33,9996
2026-03-13 09:45:00,205.33,205.5,205.07,205.22,1405
2026-03-13 09:50:00,205.22,205.22,204.63,204.75,2157
2026-03-13 09:55:00,204.54,205.2,204.54,205.07,8167
2026-03-13 10:00:00,205.07,205.07,204.5,204.59,5009
2026-03-13 10:05:00,204.59,204.74,204.05,204.07,1805
2026-03-13 10:10:00,204.07,204.26,204.01,204.2,2121
2026-03-13 10:15:00,204.2,204.99,204.2,204.68,2772
2026-03-13 10:20:00,204.68,204.79,204.56,204.79,392
2026-03-13 10:25:00,204.79,205.2,204.65,204.81,4493
2026-03-13 10:30:00,204.81,205.62,204.81,205.62,4026
2026-03-13 10:35:00,205.62,206.3,205.62,205.73,12885
2026-03-13 10:40:00,205.73,205.81,205.57,205.73,918
2026-03-13 10:45:00,205.73,205.88,205.66,205.67,1140
2026-03-13 10:50:00,205.67,207.0,205.67,206.93,14039
2026-03-13 10:55:00,206.93,207.0,206.0,206.9,12243
2026-03-13 11:00:00,207.0,207.0,206.52,206.65,1524
2026-03-13 11:05:00,206.65,206.65,206.5,206.64,1726
2026-03-13 11:10:00,206.64,206.64,206.5,206.51,306
2026-03-13 11:15:00,206.65,206.69,206.5,206.69,1696
2026-03-13 11:20:00,206.69,206.7,206.5,206.5,246
2026-03-13 11:25:00,206.5,207.26,206.5,207.1,5544
2026-03-13 11:30:00,207.49,207.49,206.6,206.94,2144
2026-03-13 11:35:00,206.94,206.94,206.6,206.6,136
2026-03-13 11:40:00,206.6,206.79,206.34,206.54,2794
2026-03-13 11:45:00,206.54,206.75,206.5,206.7,513
2026-03-13 11:50:00,206.7,206.78,206.5,206.63,3047
2026-03-13 11:55:00,206.63,206.63,206.29,206.29,1262
2026-03-13 12:00:00,206.29,206.86,206.01,206.7,4705
2026-03-13 12:05:00,206.7,206.7,206.41,206.5,1031
2026-03-13 12:10:00,206.5,206.7,206.5,206.58,1339
2026-03-13 12:15:00,206.76,206.78,206.49,206.6,1174
2026-03-13 12:20:00,206.6,206.6,206.04,206.09,2552
2026-03-13 12:25:00,206.09,206.09,205.75,206.0,1562
2026-03-13 12:30:00,206.0,206.36,205.31,206.32,5904
2026-03-13 12:35:00,206.32,206.4,205.81,206.4,3824
2026-03-13 12:40:00,206.4,206.4,205.99,206.3,2273
2026-03-13 12:45:00,206.29,206.51,206.2,206.37,2332
2026-03-13 12:50:00,206.37,206.52,205.67,205.67,9624
2026-03-13 12:55:00,205.72,205.74,205.39,205.39,2635
2026-03-13 13:00:00,205.39,205.5,204.76,204.95,13984
2026-03-13 13:05:00,204.93,205.96,204.93,205.24,7070
2026-03-13 13:10:00,205.24,205.83,205.2,205.23,10082
2026-03-13 13:15:00,205.23,205.57,205.02,205.26,8703
2026-03-13 13:20:00,205.26,205.32,205.0,205.08,7248
2026-03-13 13:25:00,204.98,205.4,204.98,205.13,2706
2026-03-13 13:30:00,205.13,205.27,204.92,204.92,1083
2026-03-13 13:35:00,204.92,205.05,204.86,204.98,2770
2026-03-13 13:40:00,204.98,205.86,204.98,205.73,3202
2026-03-13 13:45:00,205.73,206.03,205.7,205.76,4134
2026-03-13 13:50:00,205.76,206.03,205.68,205.78,2979
2026-03-13 13:55:00,205.78,205.98,205.68,205.68,1670
2026-03-13 14:00:00,205.68,206.5,205.68,206.24,5286
2026-03-13 14:05:00,206.24,206.79,206.22,206.39,13942
2026-03-13 14:10:00,206.42,206.7,206.11,206.21,11946
2026-03-13 14:15:00,206.21,206.38,205.19,205.19,6409
2026-03-13 14:20:00,205.19,205.6,204.75,204.82,4821
2026-03-13 14:25:00,204.82,205.08,204.75,204.75,5227
2026-03-13 14:30:00,204.75,205.4,204.75,205.08,1607
2026-03-13 14:35:00,205.08,205.27,204.75,204.75,6695
2026-03-13 14:40:00,204.75,205.0,204.75,204.92,1993
2026-03-13 14:45:00,204.92,204.97,204.5,204.51,7460
2026-03-13 14:50:00,204.51,204.51,204.07,204.46,10832
2026-03-13 14:55:00,204.49,204.73,204.35,204.73,2459
2026-03-13 15:00:00,204.73,205.0,204.35,204.73,17975
2026-03-13 15:05:00,204.73,205.31,204.73,205.17,6366
2026-03-13 15:10:00,205.17,205.71,205.0,205.15,6437
2026-03-13 15:15:00,205.13,205.18,204.75,204.8,13250
2026-03-13 15:20:00,204.8,205.06,204.75,204.94,5871
2026-03-13 15:25:00,204.75,205.99,204.75,204.75,5124
2026-03-16 09:15:00,204.45,204.93,202.93,203.57,13130
2026-03-16 09:20:00,203.57,203.57,202.5,202.66,8706
2026-03-16 09:25:00,202.66,203.43,202.66,203.38,7522
2026-03-16 09:30:00,203.38,205.33,203.38,205.33,8027
2026-03-16 09:35:00,205.33,205.89,205.12,205.55,521
2026-03-16 09:40:00,205.69,206.72,205.55,205.83,10999
2026-03-16 09:45:00,205.83,206.36,205.64,205.85,7988
2026-03-16 09:50:00,205.85,205.85,205.0,205.05,13262
2026-03-16 09:55:00,205.05,205.48,205.0,205.2,5658
2026-03-16 10:00:00,205.2,205.59,205.18,205.55,1586
2026-03-16 10:05:00,205.55,205.99,205.46,205.57,1692
2026-03-16 10:10:00,205.57,205.64,204.76,204.76,4371
2026-03-16 10:15:00,204.76,204.89,204.5,204.58,5305
2026-03-16 10:20:00,204.5,204.5,204.0,204.0,14624
2026-03-16 10:25:00,203.56,203.92,203.5,203.6,2314
2026-03-16 10:30:00,203.6,204.0,203.6,203.7,1023
2026-03-16 10:35:00,203.7,203.94,203.61,203.73,1103
2026-03-16 10:40:00,203.73,203.73,203.53,203.53,309
2026-03-16 10:45:00,203.53,203.74,203.5,203.74,6349
2026-03-16 10:50:00,203.74,203.77,203.61,203.75,2488
2026-03-16 10:55:00,203.75,204.12,203.28,204.12,5122
2026-03-16 11:00:00,204.12,204.18,204.0,204.12,329
2026-03-16 11:05:00,204.12,204.38,203.72,203.72,2917
2026-03-16 11:10:00,203.72,204.14,203.72,203.8,1687
2026-03-16 11:15:00,203.8,204.4,203.8,204.27,693
2026-03-16 11:20:00,204.27,204.66,204.19,204.66,2520
2026-03-16 11:25:00,204.66,204.66,203.71,203.71,13988
2026-03-16 11:30:00,203.71,203.71,203.31,203.45,3051
2026-03-16 11:35:00,203.45,203.51,203.25,203.25,6591
2026-03-16 11:40:00,203.25,203.5,203.25,203.31,2768
2026-03-16 11:45:00,203.31,203.5,203.0,203.25,8219
2026-03-16 11:50:00,203.25,203.26,203.04,203.25,759
2026-03-16 11:55:00,203.25,203.39,203.0,203.12,805
2026-03-16 12:00:00,203.12,203.47,203.07,203.3,1208
2026-03-16 12:05:00,203.3,203.3,203.0,203.25,944
2026-03-16 12:10:00,203.12,203.43,203.0,203.28,558
2026-03-16 12:15:00,203.28,203.28,202.82,202.86,2550
2026-03-16 12:20:00,202.86,203.29,202.86,203.25,6380
2026-03-16 12:25:00,203.25,203.38,203.25,203.29,165
2026-03-16 12:30:00,203.29,203.29,203.0,203.0,172
2026-03-16 12:35:00,203.0,203.35,202.86,203.35,617
2026-03-16 12:40:00,203.35,203.35,203.0,203.03,289
2026-03-16 12:45:00,203.02,203.02,202.87,202.87,717
2026-03-16 12:50:00,202.87,203.29,202.87,203.29,844
2026-03-16 12:55:00,203.29,203.29,203.25,203.25,594
2026-03-16 13:00:00,203.35,203.57,203.25,203.37,715
2026-03-16 13:05:00,203.26,204.0,203.0,203.76,12761
2026-03-16 13:10:00,203.76,203.76,203.17,203.31,6459
2026-03-16 13:15:00,203.31,203.42,203.08,203.42,1215
2026-03-16 13:20:00,203.42,203.53,203.31,203.31,345
2026-03-16 13:25:00,203.31,203.31,203.15,203.21,667
2026-03-16 13:30:00,203.21,203.36,203.0,203.03,1654
2026-03-16 13:35:00,203.03,203.5,203.03,203.29,2909
2026-03-16 13:40:00,203.29,203.39,203.29,203.39,169
2026-03-16 13:45:00,203.39,203.44,203.04,203.44,1539
2026-03-16 13:50:00,203.44,203.51,203.03,203.51,1593
2026-03-16 13:55:00,203.51,204.15,203.51,204.0,5205
2026-03-16 14:00:00,204.0,204.81,204.0,204.81,4627
2026-03-16 14:05:00,204.81,204.81,204.53,204.53,516
2026-03-16 14:10:00,204.53,205.5,204.53,205.47,4358
2026-03-16 14:15:00,205.47,205.85,205.11,205.68,11820
2026-03-16 14:20:00,205.68,206.38,205.68,206.19,2390
2026-03-16 14:25:00,206.19,206.26,205.88,205.98,992
2026-03-16 14:30:00,206.05,206.1,205.63,205.95,1684
2026-03-16 14:35:00,205.95,207.1,205.85,206.8,17751
2026-03-16 14:40:00,206.8,207.19,206.44,206.65,1985
2026-03-16 14:45:00,206.65,206.78,206.25,206.36,2966
2026-03-16 14:50:00,206.36,206.93,206.29,206.54,12247
2026-03-16 14:55:00,206.54,206.81,206.42,206.56,1411
2026-03-16 15:00:00,206.74,206.74,205.2,205.48,6667
2026-03-16 15:05:00,205.48,205.56,205.14,205.19,3474
2026-03-16 15:10:00,205.3,207.26,205.2,207.26,13585
2026-03-16 15:15:00,207.3,207.3,206.51,206.51,16779
2026-03-16 15:20:00,206.51,206.85,206.13,206.2,3941
2026-03-16 15:25:00,206.2,206.75,205.96,206.6,3066
2026-03-17 09:15:00,206.25,206.3,205.0,205.4,2530
2026-03-17 09:20:00,205.4,206.3,205.38,205.95,3888
2026-03-17 09:25:00,205.95,205.95,205.26,205.5,583
2026-03-17 09:30:00,205.5,205.5,205.05,205.15,1118
2026-03-17 09:35:00,205.15,205.78,205.05,205.34,2879
2026-03-17 09:40:00,205.34,205.64,205.21,205.5,2317
2026-03-17 09:45:00,205.5,205.67,205.19,205.67,1085
2026-03-17 09:50:00,205.67,205.98,205.65,205.93,973
2026-03-17 09:55:00,205.93,206.06,205.65,206.06,684
2026-03-17 10:00:00,206.06,206.33,205.95,206.05,677
2026-03-17 10:05:00,206.05,206.08,205.65,205.88,426
2026-03-17 10:10:00,205.88,205.88,205.65,205.7,352
2026-03-17 10:15:00,205.7,205.99,205.65,205.99,434
2026-03-17 10:20:00,205.99,205.99,205.7,205.81,198
2026-03-17 10:25:00,205.81,205.81,204.5,205.19,15834
2026-03-17 10:30:00,205.19,205.34,204.64,205.34,2440
2026-03-17 10:35:00,205.34,205.79,205.34,205.79,339
2026-03-17 10:40:00,205.79,205.98,205.49,205.98,807
2026-03-17 10:45:00,205.98,205.98,205.67,205.85,127
2026-03-17 10:50:00,205.85,206.08,205.69,205.71,544
2026-03-17 10:55:00,205.71,205.71,205.34,205.34,243
2026-03-17 11:00:00,205.34,205.34,205.13,205.13,150
2026-03-17 11:05:00,205.13,205.48,205.13,205.17,120
2026-03-17 11:10:00,205.17,205.18,205.06,205.18,212
2026-03-17 11:15:00,205.18,205.18,205.0,205.0,971
2026-03-17 11:20:00,205.0,205.06,205.0,205.06,207
2026-03-17 11:25:00,205.06,205.16,205.02,205.16,322
2026-03-17 11:30:00,205.16,205.38,205.0,205.0,2768
2026-03-17 11:35:00,205.0,205.38,205.0,205.34,231
2026-03-17 11:40:00,205.34,205.34,205.11,205.18,130
2026-03-17 11:45:00,205.18,205.19,205.01,205.06,311
2026-03-17 11:50:00,205.06,205.32,205.06,205.31,236
2026-03-17 11:55:00,205.31,205.46,205.08,205.46,1228
2026-03-17 12:00:00,205.46,205.46,205.2,205.23,317
2026-03-17 12:05:00,205.23,205.3,205.13,205.15,43
2026-03-17 12:10:00,205.15,205.27,205.11,205.27,120
2026-03-17 12:15:00,205.27,205.27,204.72,205.21,6209
2026-03-17 12:20:00,205.21,205.21,204.9,204.9,1378
2026-03-17 12:25:00,204.9,205.0,204.9,205.0,680
2026-03-17 12:30:00,205.0,205.0,204.94,205.0,1920
2026-03-17 12:35:00,205.0,205.0,204.9,204.9,177
2026-03-17 12:40:00,204.9,205.0,204.9,205.0,7670
2026-03-17 12:45:00,205.0,205.3,205.0,205.3,776
2026-03-17 12:50:00,205.3,205.3,205.0,205.0,314
2026-03-17 12:55:00,205.0,205.21,205.0,205.21,264
2026-03-17 13:00:00,205.21,205.21,205.06,205.06,1004
2026-03-17 13:05:00,205.06,205.32,205.0,205.29,210
2026-03-17 13:10:00,205.29,205.29,205.08,205.11,193
2026-03-17 13:15:00,205.11,205.33,205.11,205.11,51
2026-03-17 13:20:00,205.11,205.26,205.06,205.26,724
2026-03-17 13:25:00,205.26,205.26,205.0,205.0,301
2026-03-17 13:30:00,205.0,205.4,205.0,205.25,647
2026-03-17 13:35:00,205.25,205.25,205.03,205.1,157
2026-03-17 13:40:00,205.1,205.1,205.0,205.07,228
2026-03-17 13:45:00,205.07,205.34,205.07,205.23,4
2026-03-17 13:50:00,205.23,205.28,205.0,205.28,233
2026-03-17 13:55:00,205.28,205.28,205.0,205.12,54
2026-03-17 14:00:00,205.12,205.12,204.9,204.98,2926
2026-03-17 14:05:00,204.98,204.98,204.98,204.98,198
2026-03-17 14:10:00,204.98,205.18,204.98,205.08,111
2026-03-17 14:15:00,205.08,205.13,204.87,204.87,3719
2026-03-17 14:20:00,204.87,205.15,204.87,205.15,624
2026-03-17 14:25:00,205.15,205.19,204.95,205.18,228
2026-03-17 14:30:00,205.18,205.18,205.1,205.18,281
2026-03-17 14:35:00,205.18,205.5,205.18,205.3,47
2026-03-17 14:40:00,205.3,205.3,205.13,205.28,318
2026-03-17 14:45:00,205.28,205.28,205.12,205.12,243
2026-03-17 14:50:00,205.05,205.2,205.05,205.2,225
2026-03-17 14:55:00,205.2,205.28,205.0,205.25,1555
2026-03-17 15:00:00,205.25,205.3,205.11,205.11,1950
2026-03-17 15:05:00,205.11,205.11,205.01,205.07,856
2026-03-17 15:10:00,205.07,205.36,205.01,205.2,1148
2026-03-17 15:15:00,205.2,205.2,205.1,205.1,1452
2026-03-17 15:20:00,205.15,205.96,204.96,205.7,11250
2026-03-17 15:25:00,205.7,205.89,204.8,205.89,11842
2026-03-18 09:15:00,205.05,207.64,205.05,207.47,10166
2026-03-18 09:20:00,207.47,207.85,207.13,207.38,4767
2026-03-18 09:25:00,207.38,208.37,207.38,208.07,7541
2026-03-18 09:30:00,208.07,208.66,208.07,208.34,2135
2026-03-18 09:35:00,208.34,208.64,208.31,208.64,1178
2026-03-18 09:40:00,208.51,208.75,207.54,207.67,12166
2026-03-18 09:45:00,207.67,207.94,207.67,207.81,2219
2026-03-18 09:50:00,207.81,208.02,207.81,207.83,720
2026-03-18 09:55:00,208.02,208.02,207.45,207.87,2796
2026-03-18 10:00:00,207.87,207.93,207.5,207.5,466
2026-03-18 10:05:00,207.5,207.5,207.0,207.0,328
2026-03-18 10:10:00,207.0,207.0,206.9,206.93,711
2026-03-18 10:15:00,206.93,207.44,206.93,207.43,201
2026-03-18 10:20:00,207.43,207.45,207.15,207.45,580
2026-03-18 10:25:00,207.45,207.99,207.41,207.99,3304
2026-03-18 10:30:00,207.99,207.99,207.65,207.65,246
2026-03-18 10:35:00,207.65,207.81,207.45,207.68,452
2026-03-18 10:40:00,207.68,207.77,207.5,207.54,765
2026-03-18 10:45:00,207.5,207.5,207.41,207.49,1132
2026-03-18 10:50:00,207.49,208.1,207.41,207.85,12066
2026-03-18 10:55:00,207.85,208.34,207.85,208.34,1187
2026-03-18 11:00:00,208.34,208.55,208.06,208.24,6206
2026-03-18 11:05:00,208.24,208.8,208.24,208.43,3553
2026-03-18 11:10:00,208.43,208.44,208.26,208.35,441
2026-03-18 11:15:00,208.35,208.39,207.99,208.39,607
2026-03-18 11:20:00,208.39,208.39,208.02,208.02,232
2026-03-18 11:25:00,208.02,208.26,208.01,208.26,1456
2026-03-18 11:30:00,208.26,208.39,207.91,208.05,1094
2026-03-18 11:35:00,208.05,208.19,208.0,208.19,427
2026-03-18 11:40:00,208.19,208.36,208.12,208.12,160
2026-03-18 11:45:00,208.12,208.32,208.06,208.32,297
2026-03-18 11:50:00,208.32,208.32,208.11,208.12,289
2026-03-18 11:55:00,208.12,208.34,208.1,208.34,516
2026-03-18 12:00:00,208.34,208.34,208.07,208.07,165
2026-03-18 12:05:00,208.07,208.25,208.07,208.25,201
2026-03-18 12:10:00,208.25,208.36,208.1,208.21,996
2026-03-18 12:15:00,208.21,208.3,208.21,208.21,174
2026-03-18 12:20:00,208.21,209.0,208.21,208.8,9350
2026-03-18 12:25:00,208.8,208.85,208.58,208.81,1804
2026-03-18 12:30:00,208.81,208.81,208.81,208.81,93
2026-03-18 12:35:00,208.81,208.81,208.37,208.59,1599
2026-03-18 12:40:00,208.59,208.79,208.59,208.59,284
2026-03-18 12:45:00,208.59,208.69,208.59,208.59,253
2026-03-18 12:50:00,208.59,208.65,208.59,208.65,279
2026-03-18 12:55:00,208.65,208.72,208.31,208.59,6286
2026-03-18 13:00:00,208.34,208.35,208.27,208.34,6312
2026-03-18 13:05:00,208.34,208.34,208.19,208.32,1407
2026-03-18 13:10:00,208.32,208.55,208.32,208.54,148
2026-03-18 13:15:00,208.54,208.56,208.07,208.17,4016
2026-03-18 13:20:00,208.17,208.22,208.02,208.14,634
2026-03-18 13:25:00,208.14,208.14,208.03,208.05,524
2026-03-18 13:30:00,208.05,208.13,208.05,208.13,314
2026-03-18 13:35:00,208.13,208.13,208.05,208.1,554
2026-03-18 13:40:00,208.1,208.1,208.08,208.08,217
2026-03-18 13:45:00,208.08,208.22,208.06,208.15,779
2026-03-18 13:50:00,208.21,208.21,208.05,208.05,285
2026-03-18 13:55:00,208.05,208.21,208.0,208.09,1250
2026-03-18 14:00:00,208.09,208.28,208.02,208.02,473
2026-03-18 14:05:00,208.02,208.26,208.0,208.07,2643
2026-03-18 14:10:00,208.07,208.17,208.02,208.07,1169
2026-03-18 14:15:00,208.07,208.49,208.0,208.26,593
2026-03-18 14:20:00,208.26,208.43,208.15,208.42,1409
2026-03-18 14:25:00,208.42,208.66,208.4,208.45,992
2026-03-18 14:30:00,208.45,208.55,208.4,208.55,1006
2026-03-18 14:35:00,208.55,208.55,208.29,208.5,1057
2026-03-18 14:40:00,208.5,208.53,208.01,208.07,816
2026-03-18 14:45:00,208.07,208.55,208.07,208.23,1474
2026-03-18 14:50:00,208.23,208.31,208.1,208.17,940
2026-03-18 14:55:00,208.17,208.68,208.17,208.52,1500
2026-03-18 15:00:00,208.5,209.58,208.5,209.38,21561
2026-03-18 15:05:00,209.38,209.56,208.69,209.02,20107
2026-03-18 15:10:00,209.02,209.42,208.83,208.98,9073
2026-03-18 15:15:00,208.98,209.15,208.98,209.0,17711
2026-03-18 15:20:00,209.0,209.4,209.0,209.07,6789
2026-03-18 15:25:00,209.07,209.34,209.0,209.0,12034
2026-03-19 09:15:00,205.85,208.65,205.64,207.67,16050
2026-03-19 09:20:00,207.67,208.49,207.57,208.49,1673
2026-03-19 09:25:00,208.49,208.78,208.0,208.58,6673
2026-03-19 09:30:00,208.58,208.58,208.32,208.37,320
2026-03-19 09:35:00,208.37,208.47,207.61,207.69,13010
2026-03-19 09:40:00,207.69,209.1,207.69,209.1,9451
2026-03-19 09:45:00,209.1,211.1,209.1,211.08,17303
2026-03-19 09:50:00,211.08,211.5,210.57,210.72,13163
2026-03-19 09:55:00,210.5,211.68,210.15,211.68,7928
2026-03-19 10:00:00,211.68,211.8,211.42,211.68,4637
2026-03-19 10:05:00,211.53,211.84,211.36,211.56,2443
2026-03-19 10:10:00,211.56,211.73,211.32,211.45,1188
2026-03-19 10:15:00,211.06,212.16,211.06,211.5,29262
2026-03-19 10:20:00,211.5,211.78,211.37,211.7,1291
2026-03-19 10:25:00,211.7,212.48,211.7,212.3,4613
2026-03-19 10:30:00,212.3,212.36,212.0,212.27,784
2026-03-19 10:35:00,212.44,212.44,212.17,212.17,4617
2026-03-19 10:40:00,212.11,212.11,211.74,211.94,1738
2026-03-19 10:45:00,211.94,212.95,211.88,212.83,6086
2026-03-19 10:50:00,212.83,212.83,212.6,212.83,10720
2026-03-19 10:55:00,212.83,212.85,212.65,212.81,1592
2026-03-19 11:00:00,212.81,212.81,212.6,212.74,1672
2026-03-19 11:05:00,212.74,212.89,212.6,212.81,10408
2026-03-19 11:10:00,212.81,212.81,212.6,212.75,10159
2026-03-19 11:15:00,212.75,212.75,212.61,212.61,1074
2026-03-19 11:20:00,212.61,212.73,212.61,212.73,160
2026-03-19 11:25:00,212.73,212.75,212.6,212.6,868
2026-03-19 11:30:00,212.6,212.77,212.6,212.65,2477
2026-03-19 11:35:00,212.65,212.65,212.62,212.62,741
2026-03-19 11:40:00,212.62,212.64,212.6,212.6,8587
2026-03-19 11:45:00,212.6,212.79,212.6,212.6,3815
2026-03-19 11:50:00,212.6,212.77,212.09,212.51,4041
2026-03-19 11:55:00,212.51,212.77,212.09,212.09,1238
2026-03-19 12:00:00,212.09,212.09,211.47,211.47,4870
2026-03-19 12:05:00,211.47,211.92,211.47,211.52,2191
2026-03-19 12:10:00,211.52,211.99,211.48,211.77,1974
2026-03-19 12:15:00,211.77,212.16,211.63,212.16,4500
2026-03-19 12:20:00,212.16,212.16,211.47,211.47,1203
2026-03-19 12:25:00,211.47,211.66,211.47,211.66,439
2026-03-19 12:30:00,211.66,212.09,211.58,211.68,2643
2026-03-19 12:35:00,211.68,211.82,211.29,211.32,5946
2026-03-19 12:40:00,211.32,211.32,210.79,211.16,2302
2026-03-19 12:45:00,211.16,211.59,211.16,211.59,2944
2026-03-19 12:50:00,211.59,211.67,211.25,211.4,289
2026-03-19 12:55:00,211.4,211.4,210.92,211.01,501
2026-03-19 13:00:00,211.01,211.09,210.91,211.04,517
2026-03-19 13:05:00,211.04,211.12,210.94,210.94,77
2026-03-19 13:10:00,210.94,210.94,210.53,210.55,653
2026-03-19 13:15:00,210.55,210.63,210.5,210.5,1552
2026-03-19 13:20:00,210.5,210.55,210.25,210.25,491
2026-03-19 13:25:00,210.25,210.29,210.07,210.29,1376
2026-03-19 13:30:00,210.29,210.42,210.26,210.26,986
2026-03-19 13:35:00,210.26,210.53,210.18,210.42,1992
2026-03-19 13:40:00,210.42,210.71,210.42,210.47,468
2026-03-19 13:45:00,210.47,210.79,210.47,210.72,657
2026-03-19 13:50:00,210.72,210.72,210.56,210.65,464
2026-03-19 13:55:00,210.65,210.65,210.38,210.45,829
2026-03-19 14:00:00,210.45,210.46,210.0,210.18,3540
2026-03-19 14:05:00,210.18,210.18,210.01,210.18,1931
2026-03-19 14:10:00,210.18,210.36,209.91,210.28,12843
2026-03-19 14:15:00,210.28,210.5,210.12,210.49,2797
2026-03-19 14:20:00,210.49,210.66,210.3,210.5,2536
2026-03-19 14:25:00,210.5,210.52,210.28,210.28,581
2026-03-19 14:30:00,210.28,210.66,210.28,210.62,1321
2026-03-19 14:35:00,210.62,210.65,210.36,210.53,1385
2026-03-19 14:40:00,210.53,210.58,210.25,210.34,6865
2026-03-19 14:45:00,210.34,210.42,210.0,210.03,3221
2026-03-19 14:50:00,210.23,210.33,210.06,210.08,2283
2026-03-19 14:55:00,210.08,210.09,209.75,210.05,15504
2026-03-19 15:00:00,210.1,210.25,210.0,210.16,5401
2026-03-19 15:05:00,210.16,210.4,210.0,210.25,2987
2026-03-19 15:10:00,210.25,210.3,210.0,210.02,4156
2026-03-19 15:15:00,210.0,210.14,210.0,210.01,7499
2026-03-19 15:20:00,210.0,210.05,210.0,210.05,17233
2026-03-19 15:25:00,210.05,210.15,210.0,210.15,3450
2026-03-20 09:15:00,211.0,211.72,210.01,210.9,9274
2026-03-20 09:20:00,210.9,211.45,210.89,211.41,3251
2026-03-20 09:25:00,211.3,211.65,211.17,211.3,2723
2026-03-20 09:30:00,211.3,211.3,210.0,210.7,16437
2026-03-20 09:35:00,210.7,210.75,210.5,210.5,3022
2026-03-20 09:40:00,210.51,210.51,210.05,210.42,6482
2026-03-20 09:45:00,210.42,211.1,210.28,211.1,4926
2026-03-20 09:50:00,211.1,211.14,210.69,210.69,556
2026-03-20 09:55:00,210.69,210.93,210.69,210.8,1153
2026-03-20 10:00:00,210.8,211.0,210.8,211.0,234
2026-03-20 10:05:00,211.0,211.0,210.81,211.0,631
2026-03-20 10:10:00,211.0,211.0,210.8,210.83,235
2026-03-20 10:15:00,210.83,210.98,210.31,210.44,4372
2026-03-20 10:20:00,210.44,210.63,210.42,210.42,302
2026-03-20 10:25:00,210.42,210.42,210.24,210.42,583
2026-03-20 10:30:00,210.42,210.58,210.41,210.58,465
2026-03-20 10:35:00,210.58,212.24,210.48,212.0,28061
2026-03-20 10:40:00,212.0,212.85,211.83,212.75,3352
2026-03-20 10:45:00,212.79,212.79,212.46,212.5,2439
2026-03-20 10:50:00,212.5,213.2,212.5,213.2,5608
2026-03-20 10:55:00,213.3,215.7,213.3,215.31,43072
2026-03-20 11:00:00,215.31,215.52,215.0,215.12,10111
2026-03-20 11:05:00,215.12,215.33,215.0,215.33,3506
2026-03-20 11:10:00,215.33,215.45,215.01,215.35,11935
2026-03-20 11:15:00,215.23,215.35,215.12,215.22,1070
2026-03-20 11:20:00,215.22,215.54,215.22,215.33,1741
2026-03-20 11:25:00,215.33,215.5,215.07,215.18,1380
2026-03-20 11:30:00,215.18,215.33,215.0,215.0,4531
2026-03-20 11:35:00,215.0,215.0,214.2,214.21,1698
2026-03-20 11:40:00,214.21,214.3,214.01,214.01,1474
2026-03-20 11:45:00,214.01,215.15,213.85,215.0,11927
2026-03-20 11:50:00,215.0,215.17,215.0,215.0,599
2026-03-20 11:55:00,215.0,215.01,214.74,214.75,7796
2026-03-20 12:00:00,214.75,215.2,214.66,215.2,4694
2026-03-20 12:05:00,215.2,215.5,215.2,215.49,1259
2026-03-20 12:10:00,215.25,215.7,215.25,215.41,2932
2026-03-20 12:15:00,215.41,215.41,214.0,214.34,42418
2026-03-20 12:20:00,214.34,214.34,213.4,213.4,1911
2026-03-20 12:25:00,213.4,215.21,213.35,214.3,30666
2026-03-20 12:30:00,214.3,215.14,214.3,215.14,16926
2026-03-20 12:35:00,215.14,215.43,215.14,215.43,1472
2026-03-20 12:40:00,215.43,215.97,215.17,215.71,18542
2026-03-20 12:45:00,215.71,215.93,215.66,215.66,540
2026-03-20 12:50:00,215.66,215.66,215.41,215.49,1232
2026-03-20 12:55:00,215.49,215.91,215.46,215.74,41700
2026-03-20 13:00:00,215.69,215.69,215.42,215.62,1141
2026-03-20 13:05:00,215.62,215.62,215.46,215.57,737
2026-03-20 13:10:00,215.57,215.95,215.5,215.95,1053
2026-03-20 13:15:00,215.95,215.95,215.66,215.66,623
2026-03-20 13:20:00,215.66,216.52,215.58,216.19,54225
2026-03-20 13:25:00,216.19,216.49,216.19,216.26,3579
2026-03-20 13:30:00,216.26,216.26,215.75,215.8,1084
2026-03-20 13:35:00,215.8,215.95,215.75,215.9,505
2026-03-20 13:40:00,215.9,215.95,215.6,215.6,2066
2026-03-20 13:45:00,215.6,216.02,215.6,216.02,4236
2026-03-20 13:50:00,216.02,216.12,215.81,215.85,532
2026-03-20 13:55:00,215.85,216.0,215.56,216.0,3811
2026-03-20 14:00:00,215.96,216.0,215.73,215.75,750
2026-03-20 14:05:00,215.75,216.2,215.75,216.05,2661
2026-03-20 14:10:00,216.05,216.2,215.9,215.9,646
2026-03-20 14:15:00,215.9,216.0,215.72,215.75,36518
2026-03-20 14:20:00,215.75,216.1,215.5,215.97,5500
2026-03-20 14:25:00,216.02,216.5,215.91,216.5,3837
2026-03-20 14:30:00,216.49,216.75,216.24,216.49,6774
2026-03-20 14:35:00,216.49,216.62,216.37,216.62,4583
2026-03-20 14:40:00,216.62,216.62,216.23,216.4,2360
2026-03-20 14:45:00,216.4,216.4,216.12,216.18,2332
2026-03-20 14:50:00,216.2,216.57,216.14,216.53,3759
2026-03-20 14:55:00,216.53,216.53,216.14,216.47,5772
2026-03-20 15:00:00,216.45,216.54,216.07,216.48,4670
2026-03-20 15:05:00,216.48,216.48,216.22,216.22,32381
2026-03-20 15:10:00,216.25,216.74,216.25,216.45,9997
2026-03-20 15:15:00,216.5,216.68,216.33,216.6,8521
2026-03-20 15:20:00,216.5,216.74,216.41,216.5,14270
2026-03-20 15:25:00,216.74,216.74,215.6,216.74,15212
2026-03-23 09:15:00,213.0,216.24,212.99,214.95,33607
2026-03-23 09:20:00,214.95,215.05,213.57,214.45,35764
2026-03-23 09:25:00,214.0,215.24,214.0,215.24,12904
2026-03-23 09:30:00,215.24,215.28,214.5,215.05,9264
2026-03-23 09:35:00,215.05,215.7,214.62,215.58,4072
2026-03-23 09:40:00,215.58,215.87,215.44,215.69,1902
2026-03-23 09:45:00,216.04,216.07,215.5,215.7,7658
2026-03-23 09:50:00,215.7,215.7,215.08,215.08,4472
2026-03-23 09:55:00,215.08,215.37,215.0,215.0,15728
2026-03-23 10:00:00,214.9,215.17,214.9,215.0,4938
2026-03-23 10:05:00,215.0,215.18,214.92,214.92,1664
2026-03-23 10:10:00,214.92,215.13,214.8,214.8,61023
2026-03-23 10:15:00,214.8,214.8,214.5,214.5,33938
2026-03-23 10:20:00,214.5,214.75,214.5,214.75,2174
2026-03-23 10:25:00,214.75,215.14,214.5,214.9,2495
2026-03-23 10:30:00,214.89,215.59,214.87,215.59,6091
2026-03-23 10:35:00,215.44,215.82,215.39,215.76,2151
2026-03-23 10:40:00,215.76,215.76,215.0,215.0,1565
2026-03-23 10:45:00,215.0,215.31,215.0,215.29,2067
2026-03-23 10:50:00,215.29,215.29,215.0,215.22,1583
2026-03-23 10:55:00,215.22,215.3,215.07,215.25,1294
2026-03-23 11:00:00,215.25,215.25,215.0,215.06,4926
2026-03-23 11:05:00,215.06,215.68,215.06,215.42,3853
2026-03-23 11:10:00,215.42,215.5,215.08,215.28,31840
2026-03-23 11:15:00,215.28,215.28,215.15,215.15,378
2026-03-23 11:20:00,215.15,215.17,215.15,215.15,232
2026-03-23 11:25:00,215.15,215.31,214.98,214.98,11404
2026-03-23 11:30:00,214.98,215.01,214.9,214.9,5139
2026-03-23 11:35:00,214.9,214.91,214.8,214.8,12447
2026-03-23 11:40:00,214.75,214.75,213.51,214.19,32765
2026-03-23 11:45:00,214.19,214.5,214.19,214.5,4757
2026-03-23 11:50:00,214.5,215.05,214.5,215.05,3080
2026-03-23 11:55:00,215.05,215.05,214.73,214.79,5278
2026-03-23 12:00:00,214.79,215.02,214.75,214.77,8360
2026-03-23 12:05:00,214.77,215.0,213.82,213.85,55784
2026-03-23 12:10:00,213.85,214.4,213.85,214.21,4143
2026-03-23 12:15:00,214.21,214.21,214.04,214.17,497
2026-03-23 12:20:00,214.17,214.17,214.0,214.08,1545
2026-03-23 12:25:00,214.02,214.57,214.02,214.5,5990
2026-03-23 12:30:00,214.5,215.0,214.5,214.85,9613
2026-03-23 12:35:00,214.85,214.94,214.7,214.7,1247
2026-03-23 12:40:00,214.7,215.25,214.7,215.1,22708
2026-03-23 12:45:00,215.1,215.64,215.0,215.0,19877
2026-03-23 12:50:00,215.0,215.0,214.8,214.8,29277
2026-03-23 12:55:00,214.8,214.8,214.25,214.25,35168
2026-03-23 13:00:00,214.25,214.34,214.25,214.34,1253
2026-03-23 13:05:00,214.3,214.3,214.0,214.0,11360
2026-03-23 13:10:00,214.0,214.13,214.0,214.03,52803
2026-03-23 13:15:00,214.03,214.07,214.0,214.0,1204
2026-03-23 13:20:00,214.0,214.04,214.0,214.0,138
2026-03-23 13:25:00,214.0,214.0,213.51,213.51,5682
2026-03-23 13:30:00,213.51,213.69,213.5,213.5,716
2026-03-23 13:35:00,213.5,213.67,213.36,213.36,88
2026-03-23 13:40:00,213.36,213.36,213.09,213.1,1509
2026-03-23 13:45:00,213.1,213.7,213.1,213.59,1375
2026-03-23 13:50:00,213.59,213.85,213.57,213.62,1374
2026-03-23 13:55:00,213.62,213.78,213.39,213.39,649
2026-03-23 14:00:00,213.39,213.39,213.13,213.35,530
2026-03-23 14:05:00,213.35,213.36,213.15,213.17,1206
2026-03-23 14:10:00,213.17,213.35,212.71,212.71,3200
2026-03-23 14:15:00,212.71,212.71,212.29,212.68,2074
2026-03-23 14:20:00,212.68,212.68,212.16,212.57,1399
2026-03-23 14:25:00,212.57,212.58,212.26,212.49,2369
2026-03-23 14:30:00,212.49,212.49,211.55,211.55,1955
2026-03-23 14:35:00,211.55,212.29,211.55,212.03,2598
2026-03-23 14:40:00,212.03,212.04,211.66,212.01,1204
2026-03-23 14:45:00,212.01,212.49,212.01,212.31,721
2026-03-23 14:50:00,212.31,213.23,212.31,212.63,2842
2026-03-23 14:55:00,212.63,212.89,212.22,212.89,3564
2026-03-23 15:00:00,212.9,212.9,212.43,212.49,1523
2026-03-23 15:05:00,212.49,214.0,212.37,214.0,10851
2026-03-23 15:10:00,215.08,215.27,213.6,213.6,35221
2026-03-23 15:15:00,213.6,213.6,212.06,212.76,8629
2026-03-23 15:20:00,213.35,213.35,213.07,213.2,7832
2026-03-23 15:25:00,213.2,213.56,212.06,212.06,13484
2026-03-24 09:15:00,214.56,215.95,210.6,210.6,18970
2026-03-24 09:20:00,210.6,210.74,208.65,209.3,18449
2026-03-24 09:25:00,209.29,210.12,208.9,209.11,12367
2026-03-24 09:30:00,208.9,209.06,207.33,207.54,10575
2026-03-24 09:35:00,207.54,207.76,206.61,206.8,4634
2026-03-24 09:40:00,206.8,207.29,206.6,206.62,12379
2026-03-24 09:45:00,206.62,206.62,205.8,205.97,6432
2026-03-24 09:50:00,205.97,206.37,205.5,206.16,7896
2026-03-24 09:55:00,206.16,206.79,205.8,206.2,7712
2026-03-24 10:00:00,206.2,207.29,205.89,207.24,14389
2026-03-24 10:05:00,207.24,208.0,207.14,207.36,5223
2026-03-24 10:10:00,207.36,207.43,207.0,207.1,2061
2026-03-24 10:15:00,207.0,207.54,207.0,207.42,2716
2026-03-24 10:20:00,207.42,207.45,207.16,207.16,378
2026-03-24 10:25:00,207.16,207.16,206.75,206.75,2222
2026-03-24 10:30:00,206.75,206.86,206.5,206.5,3430
2026-03-24 10:35:00,206.5,206.68,206.36,206.38,4742
2026-03-24 10:40:00,206.38,207.07,206.38,207.03,573
2026-03-24 10:45:00,207.03,207.33,206.5,207.06,1727
2026-03-24 10:50:00,207.06,207.38,206.63,206.95,744
2026-03-24 10:55:00,206.7,206.82,206.5,206.73,2270
2026-03-24 11:00:00,206.73,207.02,206.73,206.98,79
2026-03-24 11:05:00,206.98,206.98,206.8,206.81,1202
2026-03-24 11:10:00,206.83,206.83,206.67,206.69,526
2026-03-24 11:15:00,206.69,206.96,206.5,206.91,1241
2026-03-24 11:20:00,206.91,207.0,206.91,206.96,839
2026-03-24 11:25:00,206.96,206.96,206.96,206.96,224
2026-03-24 11:30:00,207.09,207.33,207.08,207.2,755
2026-03-24 11:35:00,207.2,207.42,207.18,207.18,750
2026-03-24 11:40:00,207.18,207.18,207.01,207.15,544
2026-03-24 11:45:00,207.15,208.0,207.15,207.77,2329
2026-03-24 11:50:00,207.77,207.98,207.77,207.98,1312
2026-03-24 11:55:00,207.98,208.45,207.98,208.44,748
2026-03-24 12:00:00,208.44,208.44,207.84,208.0,5463
2026-03-24 12:05:00,208.0,208.14,207.57,207.7,1235
2026-03-24 12:10:00,207.7,208.1,207.63,208.1,2352
2026-03-24 12:15:00,208.1,208.1,207.79,208.03,489
2026-03-24 12:20:00,208.03,208.97,207.8,208.89,1650
2026-03-24 12:25:00,208.89,208.89,208.16,208.22,1336
2026-03-24 12:30:00,208.22,209.37,208.22,209.0,3712
2026-03-24 12:35:00,209.0,209.39,209.0,209.3,3783
2026-03-24 12:40:00,209.4,209.69,209.4,209.6,1544
2026-03-24 12:45:00,209.6,209.6,209.24,209.24,834
2026-03-24 12:50:00,209.24,210.46,209.24,210.08,2106
2026-03-24 12:55:00,210.08,210.33,210.0,210.14,3172
2026-03-24 13:00:00,210.14,210.65,210.09,210.39,3551
2026-03-24 13:05:00,210.39,210.5,210.06,210.12,917
2026-03-24 13:10:00,210.12,210.33,210.12,210.32,726
2026-03-24 13:15:00,210.32,210.44,210.04,210.23,1077
2026-03-24 13:20:00,210.23,210.43,210.0,210.0,2647
2026-03-24 13:25:00,210.19,210.3,210.01,210.28,3383
2026-03-24 13:30:00,210.28,210.28,210.07,210.07,259
2026-03-24 13:35:00,210.07,210.3,210.0,210.03,2150
2026-03-24 13:40:00,210.03,210.2,210.0,210.0,856
2026-03-24 13:45:00,210.21,210.32,209.24,209.32,7228
2026-03-24 13:50:00,209.32,209.38,209.01,209.32,590
2026-03-24 13:55:00,209.32,209.53,209.04,209.27,762
2026-03-24 14:00:00,209.27,209.37,209.07,209.32,860
2026-03-24 14:05:00,209.32,209.45,209.06,209.06,1061
2026-03-24 14:10:00,209.06,209.69,209.06,209.69,704
2026-03-24 14:15:00,209.69,209.69,209.18,209.18,884
2026-03-24 14:20:00,209.18,209.18,208.62,208.8,1833
2026-03-24 14:25:00,208.8,209.09,208.59,208.93,1265
2026-03-24 14:30:00,208.93,209.22,208.66,208.83,5656
2026-03-24 14:35:00,208.83,210.25,208.83,209.42,5238
2026-03-24 14:40:00,209.42,209.73,209.01,209.01,3086
2026-03-24 14:45:00,209.01,209.35,208.83,208.96,2722
2026-03-24 14:50:00,208.96,209.38,208.91,209.38,2328
2026-03-24 14:55:00,209.38,209.7,209.28,209.6,2365
2026-03-24 15:00:00,209.6,209.7,209.19,209.53,11603
2026-03-24 15:05:00,209.53,209.99,209.53,209.56,5570
2026-03-24 15:10:00,209.68,210.0,209.61,209.89,6152
2026-03-24 15:15:00,209.89,209.95,209.78,209.81,6013
2026-03-24 15:20:00,209.91,210.55,209.85,210.55,31345
2026-03-24 15:25:00,210.55,211.0,210.55,211.0,4805
2026-03-25 09:15:00,212.0,212.0,210.45,211.79,3419
2026-03-25 09:20:00,211.79,212.05,211.0,211.6,15247
2026-03-25 09:25:00,211.6,211.67,210.69,210.94,1241
2026-03-25 09:30:00,210.55,212.0,210.55,211.64,1618
2026-03-25 09:35:00,211.64,211.9,211.3,211.55,1822
2026-03-25 09:40:00,211.55,211.58,211.0,211.58,2592
2026-03-25 09:45:00,211.58,212.67,211.38,212.46,6071
2026-03-25 09:50:00,212.46,212.5,212.19,212.5,724
2026-03-25 09:55:00,212.5,213.0,212.5,212.92,4202
2026-03-25 10:00:00,213.0,213.24,212.33,212.4,14786
2026-03-25 10:05:00,212.4,212.41,212.18,212.41,249
2026-03-25 10:10:00,212.41,212.51,212.41,212.47,576
2026-03-25 10:15:00,212.47,212.73,211.54,211.54,3916
2026-03-25 10:20:00,211.54,211.54,211.15,211.26,1334
2026-03-25 10:25:00,211.26,211.54,210.68,210.68,25118
2026-03-25 10:30:00,210.68,210.99,210.57,210.8,733
2026-03-25 10:35:00,210.8,210.95,210.75,210.95,669
2026-03-25 10:40:00,210.95,211.24,210.75,211.24,5204
2026-03-25 10:45:00,211.24,211.54,211.23,211.23,1478
2026-03-25 10:50:00,211.23,211.43,211.0,211.0,5329
2026-03-25 10:55:00,211.0,211.0,210.6,210.6,221
2026-03-25 11:00:00,210.6,211.15,210.6,210.66,536
2026-03-25 11:05:00,210.66,210.96,210.6,210.66,7378
2026-03-25 11:10:00,210.66,210.9,210.52,210.61,3940
2026-03-25 11:15:00,210.61,210.7,210.55,210.55,869
2026-03-25 11:20:00,210.5,210.7,210.1,210.1,3839
2026-03-25 11:25:00,210.1,210.1,209.73,209.83,1774
2026-03-25 11:30:00,209.83,209.96,209.74,209.83,712
2026-03-25 11:35:00,209.83,209.91,209.51,209.7,3498
2026-03-25 11:40:00,209.7,209.7,209.4,209.64,1153
2026-03-25 11:45:00,209.64,209.96,209.62,209.96,1682
2026-03-25 11:50:00,209.96,209.96,209.94,209.94,122
2026-03-25 11:55:00,209.94,209.95,209.83,209.83,813
2026-03-25 12:00:00,209.83,210.36,209.66,210.34,1811
2026-03-25 12:05:00,210.16,210.57,210.16,210.57,718
2026-03-25 12:10:00,210.57,210.7,210.4,210.7,393
2026-03-25 12:15:00,210.7,210.7,210.48,210.5,665
2026-03-25 12:20:00,210.5,210.99,210.46,210.99,885
2026-03-25 12:25:00,210.99,210.99,210.7,210.7,714
2026-03-25 12:30:00,210.7,210.7,210.7,210.7,646
2026-03-25 12:35:00,210.7,210.7,210.66,210.66,640
2026-03-25 12:40:00,210.66,210.66,210.44,210.53,154
2026-03-25 12:45:00,210.53,210.53,210.18,210.18,220
2026-03-25 12:50:00,210.46,210.46,210.0,210.08,5682
2026-03-25 12:55:00,210.08,210.6,210.08,210.31,1398
2026-03-25 13:00:00,210.31,210.48,210.31,210.48,252
2026-03-25 13:05:00,210.48,210.5,210.37,210.5,49
2026-03-25 13:10:00,210.5,210.5,210.31,210.31,1115
2026-03-25 13:15:00,210.31,210.31,210.09,210.23,459
2026-03-25 13:20:00,210.23,210.3,210.16,210.16,1140
2026-03-25 13:25:00,210.16,210.29,210.16,210.18,250
2026-03-25 13:30:00,210.18,210.5,210.16,210.5,809
2026-03-25 13:35:00,210.5,210.5,210.5,210.5,10
2026-03-25 13:40:00,210.5,210.5,210.27,210.28,136
2026-03-25 13:45:00,210.28,210.82,210.28,210.82,9003
2026-03-25 13:50:00,210.82,210.82,209.72,209.72,9585
2026-03-25 13:55:00,209.72,209.88,209.02,209.41,3051
2026-03-25 14:00:00,209.53,209.63,209.53,209.61,205
2026-03-25 14:05:00,209.61,209.61,209.16,209.16,229
2026-03-25 14:10:00,209.16,209.3,209.16,209.17,23
2026-03-25 14:15:00,209.17,209.28,209.17,209.28,83
2026-03-25 14:20:00,209.28,209.28,209.0,209.0,894
2026-03-25 14:25:00,209.0,209.09,209.0,209.09,193
2026-03-25 14:30:00,209.09,209.09,209.05,209.08,84
2026-03-25 14:35:00,209.08,209.23,209.08,209.08,354
2026-03-25 14:40:00,209.08,209.21,209.08,209.09,149
2026-03-25 14:45:00,209.09,209.09,209.09,209.09,153
2026-03-25 14:50:00,209.09,209.09,208.66,208.92,3211
2026-03-25 14:55:00,208.92,208.92,208.61,208.61,719
2026-03-25 15:00:00,208.61,208.61,208.01,208.35,4350
2026-03-25 15:05:00,208.35,208.76,208.24,208.75,875
2026-03-25 15:10:00,208.75,209.0,208.66,209.0,2388
2026-03-25 15:15:00,209.0,209.0,208.42,208.42,5298
2026-03-25 15:20:00,208.42,208.92,208.39,208.84,4433
2026-03-25 15:25:00,209.0,209.0,208.57,209.0,6819
2026-03-27 09:15:00,208.72,209.87,205.2,205.6,6080
2026-03-27 09:20:00,205.6,206.89,205.32,206.6,2144
2026-03-27 09:25:00,206.6,208.02,206.6,208.02,6022
2026-03-27 09:30:00,207.97,208.47,207.65,208.13,2897
2026-03-27 09:35:00,208.13,208.13,207.34,207.38,848
2026-03-27 09:40:00,207.38,207.71,207.34,207.55,1596
2026-03-27 09:45:00,207.55,208.29,207.55,207.57,5612
2026-03-27 09:50:00,207.57,207.75,207.38,207.75,1519
2026-03-27 09:55:00,207.75,207.79,207.37,207.79,1487
2026-03-27 10:00:00,207.79,207.89,207.31,207.37,934
2026-03-27 10:05:00,207.37,207.37,206.8,206.9,4344
2026-03-27 10:10:00,207.36,207.36,207.03,207.03,621
2026-03-27 10:15:00,207.03,207.3,206.91,207.18,1289
2026-03-27 10:20:00,207.18,207.18,206.84,206.84,512
2026-03-27 10:25:00,206.84,207.35,206.84,207.35,1264
2026-03-27 10:30:00,207.35,207.86,207.25,207.25,577
2026-03-27 10:35:00,207.25,207.34,207.04,207.34,2510
2026-03-27 10:40:00,207.34,207.34,206.5,206.78,20128
2026-03-27 10:45:00,206.78,206.99,206.5,206.5,4186
2026-03-27 10:50:00,206.5,206.52,206.5,206.51,552
2026-03-27 10:55:00,206.51,206.51,206.51,206.51,0
2026-03-27 11:00:00,206.51,206.92,206.51,206.84,729
2026-03-27 11:05:00,206.84,207.06,206.84,207.0,83243
2026-03-27 11:10:00,207.0,207.0,206.99,206.99,1
2026-03-27 11:15:00,206.99,206.99,206.75,206.76,241
2026-03-27 11:20:00,206.76,206.95,206.75,206.95,183
2026-03-27 11:25:00,206.95,206.95,206.75,206.75,3350
2026-03-27 11:30:00,206.75,206.75,206.5,206.5,8001
2026-03-27 11:35:00,206.5,206.78,206.5,206.57,18
2026-03-27 11:40:00,206.57,207.0,206.25,206.35,7605
2026-03-27 11:45:00,206.35,206.4,206.35,206.4,200
2026-03-27 11:50:00,206.4,206.79,206.4,206.79,2932
2026-03-27 11:55:00,206.79,206.79,206.53,206.76,165
2026-03-27 12:00:00,206.76,206.87,206.53,206.87,1027
2026-03-27 12:05:00,206.87,206.87,206.51,206.72,2807
2026-03-27 12:10:00,206.72,206.96,206.54,206.54,524
2026-03-27 12:15:00,206.54,206.86,206.54,206.62,71
2026-03-27 12:20:00,206.62,206.62,206.62,206.62,26
2026-03-27 12:25:00,206.62,207.0,206.62,206.62,1132
2026-03-27 12:30:00,206.62,207.0,206.62,207.0,21547
2026-03-27 12:35:00,207.0,207.0,206.75,206.96,821
2026-03-27 12:40:00,206.96,206.98,206.96,206.98,25
2026-03-27 12:45:00,206.98,206.98,206.75,206.75,111
2026-03-27 12:50:00,206.75,206.76,206.75,206.75,2043
2026-03-27 12:55:00,206.75,207.0,206.64,206.64,1121
2026-03-27 13:00:00,206.64,206.7,206.64,206.7,47
2026-03-27 13:05:00,206.7,206.7,206.6,206.6,478
2026-03-27 13:10:00,206.6,206.7,206.6,206.7,314
2026-03-27 13:15:00,206.7,206.9,206.7,206.9,1101
2026-03-27 13:20:00,206.9,207.0,206.6,206.6,2681
2026-03-27 13:25:00,206.6,206.99,206.6,206.96,370
2026-03-27 13:30:00,206.96,206.96,206.63,206.93,282
2026-03-27 13:35:00,206.93,206.93,206.72,206.72,113
2026-03-27 13:40:00,206.72,206.72,206.67,206.67,237
2026-03-27 13:45:00,206.67,207.0,206.67,207.0,3440
2026-03-27 13:50:00,207.0,207.0,207.0,207.0,14362
2026-03-27 13:55:00,207.0,207.0,206.75,206.75,79
2026-03-27 14:00:00,206.75,206.9,206.75,206.9,129
2026-03-27 14:05:00,206.9,206.9,206.62,206.62,3120
2026-03-27 14:10:00,206.62,206.91,206.62,206.91,2735
2026-03-27 14:15:00,207.0,207.68,206.96,207.21,14457
2026-03-27 14:20:00,207.21,207.71,207.21,207.6,1259
2026-03-27 14:25:00,207.6,207.7,206.75,206.8,7072
2026-03-27 14:30:00,206.98,207.0,206.6,206.6,2007
2026-03-27 14:35:00,206.6,206.93,206.5,206.89,5708
2026-03-27 14:40:00,206.89,207.44,206.55,207.35,2767
2026-03-27 14:45:00,207.35,207.49,207.17,207.45,1870
2026-03-27 14:50:00,207.45,207.89,207.45,207.85,2636
2026-03-27 14:55:00,207.85,207.85,207.18,207.36,7137
2026-03-27 15:00:00,207.36,207.36,207.0,207.02,3358
2026-03-27 15:05:00,207.07,207.21,207.0,207.21,3043
2026-03-27 15:10:00,207.15,207.31,207.0,207.0,8281
2026-03-27 15:15:00,207.0,207.15,206.5,206.7,7055
2026-03-27 15:20:00,206.7,207.0,205.55,205.55,9157
2026-03-27 15:25:00,205.55,206.98,205.05,206.95,4082
2026-03-30 09:15:00,204.15,204.15,200.51,200.94,5765
2026-03-30 09:20:00,200.94,201.78,200.64,201.41,2502
2026-03-30 09:25:00,201.41,201.63,201.14,201.63,3314
2026-03-30 09:30:00,202.04,203.0,202.04,203.0,4384
2026-03-30 09:35:00,203.0,203.12,202.42,202.55,2258
2026-03-30 09:40:00,202.55,203.11,202.55,202.83,3324
2026-03-30 09:45:00,202.83,203.24,202.3,202.3,1071
2026-03-30 09:50:00,202.41,202.57,202.11,202.11,1513
2026-03-30 09:55:00,202.11,202.17,201.85,201.85,2303
2026-03-30 10:00:00,201.85,201.97,201.58,201.7,944
2026-03-30 10:05:00,201.7,201.92,201.13,201.13,2117
2026-03-30 10:10:00,201.05,201.05,200.6,200.69,1278
2026-03-30 10:15:00,200.69,201.26,200.25,200.6,5911
2026-03-30 10:20:00,200.6,200.83,200.39,200.65,4184
2026-03-30 10:25:00,200.65,200.65,200.25,200.25,184
2026-03-30 10:30:00,200.41,201.33,200.25,200.57,2063
2026-03-30 10:35:00,200.57,200.77,200.48,200.75,1763
2026-03-30 10:40:00,200.75,200.75,200.12,200.17,1399
2026-03-30 10:45:00,200.17,200.44,200.05,200.25,1487
2026-03-30 10:50:00,200.25,200.31,200.0,200.2,5185
2026-03-30 10:55:00,200.2,200.36,200.06,200.06,230
2026-03-30 11:00:00,200.06,200.22,200.0,200.01,158
2026-03-30 11:05:00,200.01,200.32,200.0,200.08,661
2026-03-30 11:10:00,200.08,200.35,200.08,200.32,536
2026-03-30 11:15:00,200.32,200.33,200.13,200.26,71
2026-03-30 11:20:00,200.26,200.44,200.05,200.21,520
2026-03-30 11:25:00,200.21,200.21,200.04,200.04,43
2026-03-30 11:30:00,200.04,200.5,200.0,200.5,8644
2026-03-30 11:35:00,200.53,200.96,200.5,200.5,7316
2026-03-30 11:40:00,200.5,200.5,199.64,199.85,4919
2026-03-30 11:45:00,199.85,199.85,199.59,199.61,174
2026-03-30 11:50:00,199.61,199.78,199.36,199.78,1590
2026-03-30 11:55:00,199.78,200.12,199.51,199.89,2271
2026-03-30 12:00:00,199.89,201.0,199.89,200.77,715
2026-03-30 12:05:00,200.77,200.85,200.17,200.17,515
2026-03-30 12:10:00,200.17,200.22,200.02,200.22,452
2026-03-30 12:15:00,200.22,200.22,199.93,199.95,750
2026-03-30 12:20:00,199.95,200.44,199.95,200.0,1438
2026-03-30 12:25:00,200.0,200.0,199.71,199.96,723
2026-03-30 12:30:00,199.96,200.29,199.96,200.21,2054
2026-03-30 12:35:00,200.21,200.21,199.84,200.13,343
2026-03-30 12:40:00,200.13,200.43,200.11,200.11,893
2026-03-30 12:45:00,200.11,200.27,199.84,200.27,500
2026-03-30 12:50:00,200.27,200.27,199.71,199.75,394
2026-03-30 12:55:00,199.75,200.3,199.75,200.22,221
2026-03-30 13:00:00,200.26,200.26,199.94,199.94,446
2026-03-30 13:05:00,199.94,200.32,199.94,200.01,1522
2026-03-30 13:10:00,200.01,200.07,200.0,200.05,1159
2026-03-30 13:15:00,200.05,200.4,200.0,200.0,529
2026-03-30 13:20:00,200.0,200.0,199.8,199.8,466
2026-03-30 13:25:00,199.8,199.98,199.8,199.81,968
2026-03-30 13:30:00,199.81,199.99,199.68,199.82,1136
2026-03-30 13:35:00,199.82,200.34,199.82,200.2,1791
2026-03-30 13:40:00,200.2,204.78,200.2,202.93,50027
2026-03-30 13:45:00,202.93,202.93,201.5,201.55,52648
2026-03-30 13:50:00,201.55,201.81,201.29,201.29,1468
2026-03-30 13:55:00,201.29,201.7,201.14,201.69,1864
2026-03-30 14:00:00,201.69,202.42,201.66,202.3,4176
2026-03-30 14:05:00,202.3,202.4,202.02,202.07,1979
2026-03-30 14:10:00,202.07,202.07,201.36,201.55,3526
2026-03-30 14:15:00,201.55,201.55,201.0,201.04,2096
2026-03-30 14:20:00,201.04,201.18,200.55,200.64,4062
2026-03-30 14:25:00,200.64,202.58,200.49,202.03,18378
2026-03-30 14:30:00,202.03,202.43,202.03,202.34,2486
2026-03-30 14:35:00,202.34,202.52,202.05,202.05,2072
2026-03-30 14:40:00,202.05,202.38,202.05,202.33,1266
2026-03-30 14:45:00,202.33,202.38,202.03,202.25,1008
2026-03-30 14:50:00,202.36,202.5,202.0,202.03,1216
2026-03-30 14:55:00,202.03,202.08,202.0,202.0,888
2026-03-30 15:00:00,202.0,202.25,202.0,202.02,1712
2026-03-30 15:05:00,202.02,203.01,202.0,203.01,10495
2026-03-30 15:10:00,203.01,203.27,203.0,203.27,8313
2026-03-30 15:15:00,203.27,204.75,203.27,203.6,12887
2026-03-30 15:20:00,203.6,203.6,203.0,203.0,11849
2026-03-30 15:25:00,203.01,204.4,203.0,203.45,11784
2026-04-01 09:15:00,205.11,206.84,205.11,205.9,2941
2026-04-01 09:20:00,205.9,207.31,205.9,207.14,3238
2026-04-01 09:25:00,207.14,207.24,206.7,206.99,708
2026-04-01 09:30:00,206.99,206.99,206.01,206.01,1578
2026-04-01 09:35:00,206.01,206.01,204.86,204.86,8522
2026-04-01 09:40:00,204.86,205.12,204.69,204.93,2024
2026-04-01 09:45:00,204.97,205.69,204.59,205.69,1855
2026-04-01 09:50:00,205.69,205.69,205.36,205.36,781
2026-04-01 09:55:00,205.36,205.36,204.69,204.9,1593
2026-04-01 10:00:00,204.9,205.22,204.9,205.11,501
2026-04-01 10:05:00,205.11,205.63,205.1,205.63,952
2026-04-01 10:10:00,205.64,205.67,205.35,205.5,597
2026-04-01 10:15:00,205.5,205.56,204.17,205.16,6695
2026-04-01 10:20:00,205.16,205.27,204.65,204.65,1439
2026-04-01 10:25:00,204.65,204.91,204.02,204.09,6616
2026-04-01 10:30:00,204.09,204.2,204.09,204.2,436
2026-04-01 10:35:00,204.2,204.2,204.01,204.01,576
2026-04-01 10:40:00,204.01,204.59,204.01,204.37,1611
2026-04-01 10:45:00,204.37,204.7,204.37,204.69,425
2026-04-01 10:50:00,204.69,204.98,204.51,204.98,2111
2026-04-01 10:55:00,204.98,204.98,204.4,204.4,800
2026-04-01 11:00:00,204.4,204.45,204.4,204.4,104
2026-04-01 11:05:00,204.4,204.76,204.21,204.31,2531
2026-04-01 11:10:00,204.31,204.48,203.59,203.92,5100
2026-04-01 11:15:00,203.92,203.92,203.45,203.77,1831
2026-04-01 11:20:00,203.77,203.86,203.66,203.8,746
2026-04-01 11:25:00,203.8,204.05,203.8,204.05,128
2026-04-01 11:30:00,204.05,204.05,203.85,204.02,176
2026-04-01 11:35:00,204.06,204.42,204.06,204.34,821
2026-04-01 11:40:00,204.34,204.96,204.34,204.9,679
2026-04-01 11:45:00,204.9,204.9,204.74,204.74,297
2026-04-01 11:50:00,204.37,204.51,204.37,204.51,197
2026-04-01 11:55:00,204.51,204.51,204.12,204.34,1861
2026-04-01 12:00:00,204.34,205.37,204.34,205.1,2304
2026-04-01 12:05:00,205.1,205.23,204.51,204.58,6127
2026-04-01 12:10:00,204.58,204.91,204.51,204.91,631
2026-04-01 12:15:00,204.91,205.11,204.91,204.91,226
2026-04-01 12:20:00,204.91,205.01,204.85,205.01,420
2026-04-01 12:25:00,205.01,205.01,204.64,204.84,87
2026-04-01 12:30:00,204.84,204.87,204.63,204.75,668
2026-04-01 12:35:00,204.75,204.75,204.5,204.51,1431
2026-04-01 12:40:00,204.51,204.83,204.51,204.65,291
2026-04-01 12:45:00,204.65,205.33,204.62,205.02,2509
2026-04-01 12:50:00,205.02,205.99,205.02,205.99,1834
2026-04-01 12:55:00,205.99,206.08,205.5,205.5,2455
2026-04-01 13:00:00,205.5,206.18,205.5,206.18,2586
2026-04-01 13:05:00,206.03,206.16,205.63,205.63,177
2026-04-01 13:10:00,205.63,205.64,205.4,205.52,419
2026-04-01 13:15:00,205.52,205.52,205.02,205.02,830
2026-04-01 13:20:00,205.02,205.26,204.91,205.03,3720
2026-04-01 13:25:00,205.03,205.14,204.94,204.99,150
2026-04-01 13:30:00,204.99,204.99,204.5,204.67,2394
2026-04-01 13:35:00,204.67,204.82,204.6,204.62,110
2026-04-01 13:40:00,204.62,204.62,203.66,203.66,12576
2026-04-01 13:45:00,203.66,204.62,203.65,204.21,4605
2026-04-01 13:50:00,204.21,204.34,204.04,204.04,157
2026-04-01 13:55:00,204.04,205.0,204.04,205.0,3736
2026-04-01 14:00:00,205.0,205.95,205.0,205.95,2954
2026-04-01 14:05:00,205.95,206.99,205.95,206.99,5838
2026-04-01 14:10:00,206.99,206.99,206.68,206.7,2457
2026-04-01 14:15:00,206.7,206.7,206.11,206.45,4054
2026-04-01 14:20:00,206.45,206.45,206.07,206.07,964
2026-04-01 14:25:00,206.07,206.2,205.93,206.16,571
2026-04-01 14:30:00,206.16,206.16,205.8,205.92,826
2026-04-01 14:35:00,205.92,206.03,205.64,206.03,991
2026-04-01 14:40:00,206.03,206.77,205.94,206.04,2329
2026-04-01 14:45:00,206.04,206.04,205.68,205.68,845
2026-04-01 14:50:00,205.68,206.18,205.68,206.12,613
2026-04-01 14:55:00,206.12,206.43,205.82,205.82,1715
2026-04-01 15:00:00,205.82,206.23,205.68,206.22,1075
2026-04-01 15:05:00,206.22,206.22,205.76,205.91,585
2026-04-01 15:10:00,205.91,205.91,205.31,205.9,1925
2026-04-01 15:15:00,205.9,206.1,205.86,206.0,1671
2026-04-01 15:20:00,205.98,206.1,205.76,205.92,4141
2026-04-01 15:25:00,205.92,206.1,205.0,205.0,3799
2026-04-02 09:15:00,205.0,205.0,200.48,201.39,16824
2026-04-02 09:20:00,201.39,203.08,201.06,203.08,2550
2026-04-02 09:25:00,203.06,203.28,202.75,202.75,2452
2026-04-02 09:30:00,202.87,203.33,202.84,202.94,5399
2026-04-02 09:35:00,202.94,203.4,202.81,203.31,2361
2026-04-02 09:40:00,203.25,204.55,203.21,204.55,3914
2026-04-02 09:45:00,204.55,204.56,204.07,204.32,1059
2026-04-02 09:50:00,204.32,204.59,204.06,204.06,438
2026-04-02 09:55:00,204.06,204.1,203.75,203.75,2531
2026-04-02 10:00:00,203.75,203.8,203.5,203.5,2130
2026-04-02 10:05:00,203.5,203.5,203.02,203.29,4170
2026-04-02 10:10:00,203.29,203.71,203.02,203.59,242
2026-04-02 10:15:00,203.59,203.74,203.47,203.6,662
2026-04-02 10:20:00,203.6,203.91,203.5,203.5,433
2026-04-02 10:25:00,203.5,203.5,203.4,203.5,1808
2026-04-02 10:30:00,203.5,203.97,203.29,203.97,273
2026-04-02 10:35:00,203.97,203.99,203.7,203.99,1080
2026-04-02 10:40:00,203.99,204.44,203.99,204.42,143
2026-04-02 10:45:00,204.42,204.42,204.0,204.17,301
2026-04-02 10:50:00,204.17,204.28,204.0,204.28,332
2026-04-02 10:55:00,204.28,204.3,204.15,204.28,195
2026-04-02 11:00:00,204.25,204.55,204.25,204.51,146
2026-04-02 11:05:00,204.51,204.51,204.06,204.14,550
2026-04-02 11:10:00,204.14,204.14,203.76,203.77,3760
2026-04-02 11:15:00,203.77,204.16,203.77,204.13,273
2026-04-02 11:20:00,204.13,204.24,203.84,203.93,161
2026-04-02 11:25:00,203.93,204.41,203.93,204.11,468
2026-04-02 11:30:00,204.11,204.41,204.11,204.41,331
2026-04-02 11:35:00,204.41,204.89,204.3,204.63,1097
2026-04-02 11:40:00,204.63,204.63,204.31,204.31,218
2026-04-02 11:45:00,204.31,204.5,204.15,204.5,1167
2026-04-02 11:50:00,204.5,204.64,204.48,204.64,221
2026-04-02 11:55:00,204.64,205.5,204.64,205.19,928
2026-04-02 12:00:00,205.19,205.19,205.19,205.19,0
2026-04-02 12:05:00,205.19,205.19,204.7,204.7,1593
2026-04-02 12:10:00,204.7,204.88,204.7,204.88,35
2026-04-02 12:15:00,204.88,205.25,204.88,205.02,422
2026-04-02 12:20:00,205.02,205.02,204.35,204.39,449
2026-04-02 12:25:00,204.39,204.47,204.35,204.35,814
2026-04-02 12:30:00,204.35,205.08,204.35,205.08,489
2026-04-02 12:35:00,205.08,205.22,204.99,205.22,166
2026-04-02 12:40:00,205.22,205.55,205.22,205.55,1172
2026-04-02 12:45:00,205.55,205.74,205.45,205.7,201
2026-04-02 12:50:00,205.7,206.39,205.7,206.0,1105
2026-04-02 12:55:00,206.0,206.69,206.0,206.08,2772
2026-04-02 13:00:00,206.08,206.41,206.08,206.23,200
2026-04-02 13:05:00,206.23,206.39,206.0,206.39,592
2026-04-02 13:10:00,206.39,206.39,205.86,205.86,520
2026-04-02 13:15:00,205.86,206.29,205.79,205.81,1187
2026-04-02 13:20:00,205.79,205.89,205.68,205.68,371
2026-04-02 13:25:00,205.81,205.94,205.49,205.85,2464
2026-04-02 13:30:00,205.93,206.88,205.84,206.88,2515
2026-04-02 13:35:00,206.61,207.84,206.43,207.74,8116
2026-04-02 13:40:00,207.54,207.6,206.87,207.01,882
2026-04-02 13:45:00,207.01,207.24,206.72,206.74,353
2026-04-02 13:50:00,206.72,207.0,206.49,206.7,844
2026-04-02 13:55:00,206.7,206.96,206.51,206.77,329
2026-04-02 14:00:00,206.77,206.89,206.29,206.48,1214
2026-04-02 14:05:00,206.48,206.77,206.43,206.77,277
2026-04-02 14:10:00,206.57,206.97,206.41,206.97,1174
2026-04-02 14:15:00,206.75,206.97,206.68,206.69,714
2026-04-02 14:20:00,206.69,206.99,206.69,206.69,4935
2026-04-02 14:25:00,206.75,206.91,206.35,206.41,316
2026-04-02 14:30:00,206.41,206.68,206.28,206.31,470
2026-04-02 14:35:00,206.35,206.5,206.1,206.21,1519
2026-04-02 14:40:00,206.1,206.1,205.38,205.38,1332
2026-04-02 14:45:00,205.43,205.76,205.05,205.23,511
2026-04-02 14:50:00,205.23,205.88,205.21,205.58,3082
2026-04-02 14:55:00,205.58,206.15,205.58,206.01,932
2026-04-02 15:00:00,206.01,206.59,206.01,206.59,1142
2026-04-02 15:05:00,206.59,207.42,206.59,207.39,4464
2026-04-02 15:10:00,207.39,207.45,207.09,207.09,1625
2026-04-02 15:15:00,207.09,207.32,207.09,207.16,2485
2026-04-02 15:20:00,206.91,207.32,206.33,207.32,5156
2026-04-02 15:25:00,207.32,207.32,205.1,205.1,2411
2026-04-06 09:15:00,210.0,210.0,204.41,204.41,5025
2026-04-06 09:20:00,204.82,205.6,204.8,204.88,2504
2026-04-06 09:25:00,205.04,205.56,204.32,204.68,506
2026-04-06 09:30:00,204.3,205.43,204.3,205.43,1169
2026-04-06 09:35:00,205.43,206.55,205.43,206.29,1369
2026-04-06 09:40:00,206.29,206.38,205.32,205.82,428
2026-04-06 09:45:00,205.82,205.82,205.6,205.6,868
2026-04-06 09:50:00,205.8,205.8,204.39,204.63,1337
2026-04-06 09:55:00,204.63,204.95,204.63,204.65,373
2026-04-06 10:00:00,204.65,204.88,204.63,204.88,325
2026-04-06 10:05:00,204.88,204.88,204.51,204.51,198
2026-04-06 10:10:00,204.51,205.2,204.49,205.2,86
2026-04-06 10:15:00,205.2,205.53,205.2,205.38,199
2026-04-06 10:20:00,205.38,206.0,205.38,206.0,297
2026-04-06 10:25:00,206.0,206.21,205.38,205.9,762
2026-04-06 10:30:00,205.9,206.36,205.9,206.36,166
2026-04-06 10:35:00,206.36,206.55,206.19,206.27,94
2026-04-06 10:40:00,206.27,206.49,205.73,206.18,418
2026-04-06 10:45:00,206.18,206.58,206.18,206.53,788
2026-04-06 10:50:00,206.53,207.0,206.2,206.62,922
2026-04-06 10:55:00,206.62,207.25,206.62,206.94,327
2026-04-06 11:00:00,206.94,206.94,206.61,206.61,983
2026-04-06 11:05:00,206.61,206.61,206.51,206.51,39
2026-04-06 11:10:00,206.51,206.51,205.77,205.77,1700
2026-04-06 11:15:00,205.77,206.4,205.77,206.4,24
2026-04-06 11:20:00,206.4,206.52,206.16,206.47,70
2026-04-06 11:25:00,206.47,206.94,206.47,206.94,308
2026-04-06 11:30:00,206.94,206.94,206.57,206.57,105
2026-04-06 11:35:00,206.57,207.6,206.57,207.45,865
2026-04-06 11:40:00,207.45,207.45,207.14,207.14,1
2026-04-06 11:45:00,207.14,207.16,206.88,207.12,264
2026-04-06 11:50:00,207.12,207.5,207.06,207.38,172
2026-04-06 11:55:00,207.38,207.53,207.38,207.41,343
2026-04-06 12:00:00,207.41,207.51,207.2,207.2,21
2026-04-06 12:05:00,207.2,207.7,207.12,207.65,2453
2026-04-06 12:10:00,207.65,207.65,207.38,207.38,180
2026-04-06 12:15:00,207.38,207.38,207.38,207.38,55
2026-04-06 12:20:00,207.38,207.61,207.38,207.61,315
2026-04-06 12:25:00,207.61,208.94,207.61,208.44,4612
2026-04-06 12:30:00,208.44,208.44,207.87,207.92,49
2026-04-06 12:35:00,207.92,207.92,207.2,207.54,1106
2026-04-06 12:40:00,207.54,207.77,207.54,207.77,6
2026-04-06 12:45:00,207.77,207.84,207.77,207.84,8
2026-04-06 12:50:00,207.84,209.21,207.84,208.5,6439
2026-04-06 12:55:00,208.5,208.68,208.35,208.68,302
2026-04-06 13:00:00,208.96,209.05,208.71,208.71,260
2026-04-06 13:05:00,208.71,208.71,208.63,208.63,12
2026-04-06 13:10:00,208.63,208.9,208.63,208.85,313
2026-04-06 13:15:00,209.04,209.04,208.86,208.86,190
2026-04-06 13:20:00,208.86,209.2,208.3,208.3,1226
2026-04-06 13:25:00,208.3,208.76,208.3,208.36,203
2026-04-06 13:30:00,208.36,208.72,208.36,208.37,303
2026-04-06 13:35:00,208.37,208.37,208.37,208.37,0
2026-04-06 13:40:00,208.37,209.02,207.82,208.1,4124
2026-04-06 13:45:00,208.1,209.0,208.1,208.83,573
2026-04-06 13:50:00,208.83,209.71,208.83,209.71,466
2026-04-06 13:55:00,209.71,210.36,209.3,210.26,2614
2026-04-06 14:00:00,210.26,210.58,210.06,210.36,2222
2026-04-06 14:05:00,210.36,210.83,210.36,210.4,923
2026-04-06 14:10:00,210.4,210.73,210.01,210.73,801
2026-04-06 14:15:00,210.73,210.91,210.3,210.68,717
2026-04-06 14:20:00,210.68,210.78,210.25,210.56,610
2026-04-06 14:25:00,210.56,210.59,210.02,210.17,1359
2026-04-06 14:30:00,210.17,210.53,210.08,210.42,1294
2026-04-06 14:35:00,210.42,210.42,209.62,210.14,1517
2026-04-06 14:40:00,210.14,210.29,209.8,210.29,520
2026-04-06 14:45:00,210.01,210.41,209.91,210.27,823
2026-04-06 14:50:00,210.3,210.39,210.02,210.38,716
2026-04-06 14:55:00,210.38,210.38,209.65,210.3,1573
2026-04-06 15:00:00,210.3,210.8,210.08,210.54,4078
2026-04-06 15:05:00,210.54,210.59,210.45,210.59,879
2026-04-06 15:10:00,210.59,210.91,210.02,210.58,3014
2026-04-06 15:15:00,210.58,210.91,210.41,210.57,2265
2026-04-06 15:20:00,210.25,210.3,209.32,210.19,1771
2026-04-06 15:25:00,210.19,210.26,209.0,209.0,1112
2026-04-07 09:15:00,207.0,208.7,207.0,207.74,1645
2026-04-07 09:20:00,207.74,209.75,207.74,209.35,3536
2026-04-07 09:25:00,209.35,209.35,209.35,209.35,0
2026-04-07 09:30:00,209.35,209.42,208.15,208.15,271
2026-04-07 09:35:00,208.15,208.15,207.47,207.7,1847
2026-04-07 09:40:00,207.17,207.56,205.82,205.82,3936
2026-04-07 09:45:00,205.82,206.53,205.82,206.3,855
2026-04-07 09:50:00,206.3,206.7,206.2,206.7,1689
2026-04-07 09:55:00,206.7,207.25,206.7,207.25,852
2026-04-07 10:00:00,207.25,207.42,207.1,207.19,1656
2026-04-07 10:05:00,207.19,207.7,207.19,207.62,25
2026-04-07 10:10:00,207.62,207.67,207.36,207.36,206
2026-04-07 10:15:00,207.36,207.8,207.29,207.33,1059
2026-04-07 10:20:00,207.33,207.72,207.33,207.61,131
2026-04-07 10:25:00,207.61,209.2,207.61,209.2,2347
2026-04-07 10:30:00,209.2,209.2,208.41,208.55,3511
2026-04-07 10:35:00,208.55,208.55,208.04,208.4,1530
2026-04-07 10:40:00,208.4,208.59,208.21,208.59,959
2026-04-07 10:45:00,208.59,208.97,208.59,208.72,193
2026-04-07 10:50:00,208.72,208.72,207.17,207.23,3846
2026-04-07 10:55:00,207.47,207.61,207.47,207.61,131
2026-04-07 11:00:00,207.61,207.61,207.24,207.52,916
2026-04-07 11:05:00,207.52,207.52,207.52,207.52,39
2026-04-07 11:10:00,207.52,207.52,207.47,207.5,353
2026-04-07 11:15:00,207.5,208.2,207.49,208.2,2658
2026-04-07 11:20:00,208.2,208.42,208.2,208.42,30
2026-04-07 11:25:00,208.42,208.45,208.09,208.45,77
2026-04-07 11:30:00,208.45,208.65,208.22,208.64,511
2026-04-07 11:35:00,208.64,210.45,208.21,210.0,4761
2026-04-07 11:40:00,210.0,211.26,209.53,210.85,16065
2026-04-07 11:45:00,210.85,211.0,210.46,210.66,2349
2026-04-07 11:50:00,210.66,210.97,210.62,210.97,600
2026-04-07 11:55:00,210.97,211.39,210.97,211.24,5068
2026-04-07 12:00:00,211.24,211.25,210.63,211.08,666
2026-04-07 12:05:00,211.08,211.26,210.55,211.0,6070
2026-04-07 12:10:00,211.0,211.0,210.73,211.0,228
2026-04-07 12:15:00,211.0,211.0,211.0,211.0,265
2026-04-07 12:20:00,211.0,211.2,211.0,211.0,429
2026-04-07 12:25:00,211.0,211.0,210.8,211.0,122
2026-04-07 12:30:00,211.0,211.0,210.97,210.97,40
2026-04-07 12:35:00,210.97,211.13,210.97,211.13,114
2026-04-07 12:40:00,211.13,211.13,211.13,211.13,0
2026-04-07 12:45:00,211.13,211.13,211.01,211.01,216
2026-04-07 12:50:00,211.01,211.01,211.01,211.01,577
2026-04-07 12:55:00,211.01,211.25,211.0,211.02,635
2026-04-07 13:00:00,211.02,211.02,211.0,211.0,126
2026-04-07 13:05:00,211.0,211.09,211.0,211.09,191
2026-04-07 13:10:00,211.09,211.09,211.0,211.01,173
2026-04-07 13:15:00,211.01,211.2,211.01,211.2,33
2026-04-07 13:20:00,211.2,211.61,211.09,211.09,351
2026-04-07 13:25:00,211.09,211.47,211.05,211.09,285
2026-04-07 13:30:00,211.09,211.6,211.09,211.18,583
2026-04-07 13:35:00,211.18,211.44,211.06,211.15,149
2026-04-07 13:40:00,211.15,211.65,211.03,211.65,528
2026-04-07 13:45:00,211.65,211.99,211.25,211.86,1555
2026-04-07 13:50:00,211.86,211.92,211.37,211.54,280
2026-04-07 13:55:00,211.24,211.25,210.54,210.67,559
2026-04-07 14:00:00,210.67,211.15,210.65,210.9,291
2026-04-07 14:05:00,210.9,211.01,210.63,210.67,483
2026-04-07 14:10:00,210.67,210.67,209.89,209.97,2086
2026-04-07 14:15:00,209.97,210.3,209.85,210.15,1198
2026-04-07 14:20:00,210.15,210.15,209.47,209.47,558
2026-04-07 14:25:00,209.47,210.16,209.47,209.69,613
2026-04-07 14:30:00,209.69,209.93,209.69,209.9,1076
2026-04-07 14:35:00,209.9,210.0,209.69,209.72,720
2026-04-07 14:40:00,209.72,209.98,209.7,209.71,273
2026-04-07 14:45:00,209.71,209.89,209.54,209.8,2146
2026-04-07 14:50:00,209.8,209.98,209.68,209.77,246
2026-04-07 14:55:00,209.77,209.8,209.77,209.78,55
2026-04-07 15:00:00,209.78,210.17,209.65,210.0,1513
2026-04-07 15:05:00,210.0,210.2,210.0,210.0,524
2026-04-07 15:10:00,210.0,210.92,210.0,210.91,8046
2026-04-07 15:15:00,210.91,210.98,210.23,210.33,1834
2026-04-07 15:20:00,210.35,210.35,208.14,208.15,9750
2026-04-07 15:25:00,208.15,210.0,208.15,210.0,5476
2026-04-08 09:15:00,215.0,219.0,213.05,216.29,17236
2026-04-08 09:20:00,215.48,215.87,213.77,214.31,3580
2026-04-08 09:25:00,214.31,214.42,213.6,213.6,4301
2026-04-08 09:30:00,213.6,214.08,213.38,213.8,533
2026-04-08 09:35:00,213.49,214.0,213.49,214.0,3346
2026-04-08 09:40:00,214.0,214.42,214.0,214.17,90
2026-04-08 09:45:00,214.2,215.31,214.12,215.2,1061
2026-04-08 09:50:00,215.2,215.42,214.57,214.59,2615
2026-04-08 09:55:00,214.59,214.59,214.35,214.36,1477
2026-04-08 10:00:00,214.36,214.63,214.36,214.63,61
2026-04-08 10:05:00,214.63,214.93,214.37,214.74,1129
2026-04-08 10:10:00,214.74,214.74,214.41,214.41,970
2026-04-08 10:15:00,214.45,215.0,214.37,214.8,1199
2026-04-08 10:20:00,214.8,214.88,214.04,214.11,6383
2026-04-08 10:25:00,213.84,214.41,213.56,214.0,2079
2026-04-08 10:30:00,214.0,214.45,214.0,214.44,170
2026-04-08 10:35:00,214.44,214.44,214.0,214.0,950
2026-04-08 10:40:00,214.32,214.9,214.29,214.9,1262
2026-04-08 10:45:00,214.9,215.75,214.52,215.5,10366
2026-04-08 10:50:00,215.5,216.15,215.5,215.95,1292
2026-04-08 10:55:00,215.95,218.01,215.95,218.0,4892
2026-04-08 11:00:00,217.97,218.59,217.46,218.31,8017
2026-04-08 11:05:00,218.05,218.64,217.86,218.22,3948
2026-04-08 11:10:00,218.22,218.23,217.87,217.87,624
2026-04-08 11:15:00,218.0,218.4,217.2,217.44,2282
2026-04-08 11:20:00,217.44,217.7,217.44,217.44,135
2026-04-08 11:25:00,217.44,217.44,216.94,217.09,11406
2026-04-08 11:30:00,217.09,217.65,217.01,217.09,2165
2026-04-08 11:35:00,217.09,217.09,217.09,217.09,217
2026-04-08 11:40:00,217.09,217.09,216.0,216.0,560
2026-04-08 11:45:00,216.0,216.0,215.54,215.55,432
2026-04-08 11:50:00,215.55,215.55,214.7,214.7,5731
2026-04-08 11:55:00,214.7,215.0,214.66,214.84,70
2026-04-08 12:00:00,214.84,215.47,214.84,215.09,2846
2026-04-08 12:05:00,215.1,215.55,215.03,215.03,1131
2026-04-08 12:10:00,215.03,215.41,214.9,214.9,1142
2026-04-08 12:15:00,214.9,214.9,214.9,214.9,55
2026-04-08 12:20:00,214.9,215.18,214.89,215.18,555
2026-04-08 12:25:00,215.18,215.21,214.87,215.21,60
2026-04-08 12:30:00,215.22,215.22,214.87,214.87,164
2026-04-08 12:35:00,214.87,215.0,214.47,215.0,1503
2026-04-08 12:40:00,215.0,215.14,214.94,214.94,2024
2026-04-08 12:45:00,214.94,214.98,214.61,214.98,52
2026-04-08 12:50:00,214.98,215.19,214.69,214.69,893
2026-04-08 12:55:00,214.69,215.07,214.69,215.07,213
2026-04-08 13:00:00,215.07,215.1,214.82,215.1,535
2026-04-08 13:05:00,215.1,215.48,215.08,215.2,76
2026-04-08 13:10:00,215.2,215.48,215.19,215.29,194
2026-04-08 13:15:00,215.29,215.48,215.12,215.43,121
2026-04-08 13:20:00,215.43,215.43,215.08,215.41,65
2026-04-08 13:25:00,215.41,215.48,215.12,215.47,130
2026-04-08 13:30:00,215.47,215.47,215.03,215.19,79
2026-04-08 13:35:00,215.19,215.68,215.09,215.68,487
2026-04-08 13:40:00,215.68,215.68,215.58,215.67,260
2026-04-08 13:45:00,215.67,215.83,215.41,215.83,268
2026-04-08 13:50:00,215.83,215.83,215.31,215.31,256
2026-04-08 13:55:00,215.31,215.36,215.02,215.02,55
2026-04-08 14:00:00,215.02,215.4,214.82,215.18,1829
2026-04-08 14:05:00,215.18,215.24,214.77,214.77,199
2026-04-08 14:10:00,214.77,215.31,214.35,214.99,2768
2026-04-08 14:15:00,214.99,215.38,214.95,214.95,719
2026-04-08 14:20:00,214.95,215.28,214.95,215.27,129
2026-04-08 14:25:00,215.27,215.29,215.27,215.29,51
2026-04-08 14:30:00,215.29,215.38,215.06,215.38,378
2026-04-08 14:35:00,215.14,215.85,215.14,215.48,1650
2026-04-08 14:40:00,215.48,215.66,215.33,215.33,147
2026-04-08 14:45:00,215.65,215.65,215.3,215.35,172
2026-04-08 14:50:00,215.35,215.49,215.1,215.46,887
2026-04-08 14:55:00,215.46,215.46,214.51,215.17,1939
2026-04-08 15:00:00,215.17,215.17,214.51,214.92,323
2026-04-08 15:05:00,214.92,215.44,214.64,215.13,3326
2026-04-08 15:10:00,215.13,215.13,214.67,214.67,3754
2026-04-08 15:15:00,214.67,214.95,214.57,214.58,1154
2026-04-08 15:20:00,214.58,214.75,213.63,214.15,6792
2026-04-08 15:25:00,214.15,215.0,214.0,215.0,3705
2026-04-09 09:15:00,213.55,214.39,213.55,214.39,952
2026-04-09 09:20:00,214.39,214.65,214.06,214.11,1846
2026-04-09 09:25:00,214.11,214.11,213.62,213.84,976
2026-04-09 09:30:00,213.84,213.84,212.64,212.87,5672
2026-04-09 09:35:00,212.87,212.87,212.41,212.51,1238
2026-04-09 09:40:00,212.66,212.66,211.83,211.83,2751
2026-04-09 09:45:00,211.83,212.03,211.51,212.03,675
2026-04-09 09:50:00,212.03,212.06,211.8,212.06,1172
2026-04-09 09:55:00,212.06,212.5,211.83,212.5,3019
2026-04-09 10:00:00,212.5,212.84,212.25,212.82,951
2026-04-09 10:05:00,212.82,212.89,212.65,212.68,239
2026-04-09 10:10:00,212.68,213.34,212.68,213.34,2690
2026-04-09 10:15:00,213.34,213.54,213.1,213.54,412
2026-04-09 10:20:00,213.54,213.8,213.19,213.35,2699
2026-04-09 10:25:00,213.35,213.39,213.14,213.39,2283
2026-04-09 10:30:00,213.53,214.11,213.53,213.76,227
2026-04-09 10:35:00,214.0,214.06,213.56,214.06,354
2026-04-09 10:40:00,214.06,214.06,213.64,213.78,92
2026-04-09 10:45:00,213.59,213.79,213.46,213.46,638
2026-04-09 10:50:00,213.46,213.6,213.34,213.6,125
2026-04-09 10:55:00,213.6,213.66,213.32,213.32,161
2026-04-09 11:00:00,213.32,213.6,213.32,213.47,8
2026-04-09 11:05:00,213.47,213.66,213.0,213.58,2046
2026-04-09 11:10:00,213.58,213.7,213.47,213.7,53
2026-04-09 11:15:00,213.7,213.89,213.69,213.69,561
2026-04-09 11:20:00,213.69,213.96,213.68,213.75,1229
2026-04-09 11:25:00,213.75,214.08,213.75,214.08,1283
2026-04-09 11:30:00,214.08,214.14,214.0,214.13,157
2026-04-09 11:35:00,214.13,214.13,214.1,214.11,491
2026-04-09 11:40:00,214.11,214.11,214.11,214.11,0
2026-04-09 11:45:00,214.11,214.16,214.1,214.1,77
2026-04-09 11:50:00,214.1,214.11,214.1,214.1,38
2026-04-09 11:55:00,214.1,214.3,214.1,214.3,6
2026-04-09 12:00:00,214.3,214.4,214.3,214.3,50
2026-04-09 12:05:00,214.3,215.09,214.27,214.43,6203
2026-04-09 12:10:00,214.43,214.43,213.43,213.43,3665
2026-04-09 12:15:00,213.68,213.68,213.43,213.43,110
2026-04-09 12:20:00,213.43,213.43,213.43,213.43,0
2026-04-09 12:25:00,213.43,213.43,213.43,213.43,25
2026-04-09 12:30:00,213.43,213.43,213.43,213.43,0
2026-04-09 12:35:00,213.43,213.63,213.43,213.43,138
2026-04-09 12:40:00,213.43,213.61,213.43,213.61,51
2026-04-09 12:45:00,213.61,213.61,213.0,213.0,1036
2026-04-09 12:50:00,213.0,213.0,213.0,213.0,0
2026-04-09 12:55:00,213.0,213.17,213.0,213.17,1
2026-04-09 13:00:00,213.17,213.17,213.0,213.0,113
2026-04-09 13:05:00,213.0,213.18,213.0,213.18,50
2026-04-09 13:10:00,213.18,213.18,212.89,212.89,382
2026-04-09 13:15:00,212.89,212.9,212.8,212.9,2838
2026-04-09 13:20:00,212.9,213.06,212.89,213.06,1325
2026-04-09 13:25:00,213.06,213.06,212.61,213.04,511
2026-04-09 13:30:00,213.04,213.04,212.4,212.4,4338
2026-04-09 13:35:00,212.4,212.57,212.3,212.3,102
2026-04-09 13:40:00,212.3,212.65,212.3,212.54,347
2026-04-09 13:45:00,212.54,212.54,212.1,212.11,459
2026-04-09 13:50:00,212.11,212.11,212.11,212.11,0
2026-04-09 13:55:00,212.11,212.3,212.11,212.3,195
2026-04-09 14:00:00,212.3,212.39,212.3,212.39,161
2026-04-09 14:05:00,212.39,212.7,212.37,212.64,204
2026-04-09 14:10:00,212.64,212.64,212.37,212.37,117
2026-04-09 14:15:00,212.37,212.54,212.15,212.15,1333
2026-04-09 14:20:00,212.15,212.54,212.15,212.39,662
2026-04-09 14:25:00,212.39,212.5,212.05,212.5,839
2026-04-09 14:30:00,212.5,212.5,212.13,212.38,335
2026-04-09 14:35:00,212.38,212.74,212.21,212.51,437
2026-04-09 14:40:00,212.51,212.72,212.45,212.54,357
2026-04-09 14:45:00,212.54,212.86,212.49,212.49,285
2026-04-09 14:50:00,212.49,213.16,212.49,213.16,703
2026-04-09 14:55:00,213.16,213.16,212.76,212.76,528
2026-04-09 15:00:00,212.74,212.74,211.8,212.05,4325
2026-04-09 15:05:00,212.05,212.47,212.02,212.02,221
2026-04-09 15:10:00,212.02,212.34,211.83,212.09,745
2026-04-09 15:15:00,212.09,212.17,211.2,211.85,4415
2026-04-09 15:20:00,211.85,212.13,211.85,211.98,1074
2026-04-09 15:25:00,211.98,212.6,211.89,212.3,2196
2026-04-10 09:15:00,215.0,215.03,213.0,214.09,2385
2026-04-10 09:20:00,214.09,214.23,214.0,214.0,620
2026-04-10 09:25:00,214.0,214.33,213.44,213.8,1423
2026-04-10 09:30:00,213.8,213.99,213.49,213.99,336
2026-04-10 09:35:00,213.99,215.9,213.99,215.9,20549
2026-04-10 09:40:00,215.9,215.9,215.27,215.27,815
2026-04-10 09:45:00,215.27,215.38,215.04,215.38,450
2026-04-10 09:50:00,215.38,215.38,215.04,215.36,489
2026-04-10 09:55:00,215.36,215.5,215.03,215.32,717
2026-04-10 10:00:00,215.32,215.39,214.44,214.44,694
2026-04-10 10:05:00,214.44,214.44,213.89,214.16,258
2026-04-10 10:10:00,214.16,214.3,214.16,214.3,8
2026-04-10 10:15:00,214.3,214.88,214.3,214.88,421
2026-04-10 10:20:00,214.88,215.0,214.74,214.98,153
2026-04-10 10:25:00,214.98,215.9,214.98,215.22,3284
2026-04-10 10:30:00,215.16,215.61,215.03,215.03,528
2026-04-10 10:35:00,215.03,215.5,215.03,215.33,298
2026-04-10 10:40:00,215.33,215.33,215.08,215.27,34
2026-04-10 10:45:00,215.27,215.27,214.87,214.87,492
2026-04-10 10:50:00,214.87,214.87,214.87,214.87,0
2026-04-10 10:55:00,214.87,215.44,214.87,215.44,270
2026-04-10 11:00:00,215.44,215.45,215.14,215.45,52
2026-04-10 11:05:00,215.45,215.88,215.1,215.87,1582
2026-04-10 11:10:00,215.87,215.87,215.21,215.52,4033
2026-04-10 11:15:00,215.52,215.85,215.3,215.3,1112
2026-04-10 11:20:00,215.3,215.49,214.99,215.49,911
2026-04-10 11:25:00,215.46,215.46,215.1,215.33,461
2026-04-10 11:30:00,215.33,215.35,215.33,215.35,38
2026-04-10 11:35:00,215.35,215.43,215.12,215.33,260
2026-04-10 11:40:00,215.33,215.33,215.12,215.33,35
2026-04-10 11:45:00,215.33,215.33,214.91,214.91,284
2026-04-10 11:50:00,214.91,215.18,214.91,215.18,521
2026-04-10 11:55:00,215.18,215.65,215.18,215.65,291
2026-04-10 12:00:00,215.65,215.84,215.41,215.54,1001
2026-04-10 12:05:00,215.54,215.84,215.4,215.5,685
2026-04-10 12:10:00,215.5,215.77,215.5,215.77,5
2026-04-10 12:15:00,215.77,215.77,215.47,215.47,113
2026-04-10 12:20:00,215.47,215.73,215.41,215.67,830
2026-04-10 12:25:00,215.67,215.77,215.67,215.67,1272
2026-04-10 12:30:00,215.9,215.9,215.6,215.6,260
2026-04-10 12:35:00,215.6,215.67,215.6,215.67,10
2026-04-10 12:40:00,215.67,216.91,215.67,215.85,4135
2026-04-10 12:45:00,215.85,215.85,215.67,215.67,1107
2026-04-10 12:50:00,215.67,215.87,215.67,215.85,41
2026-04-10 12:55:00,215.85,215.85,215.85,215.85,100
2026-04-10 13:00:00,215.85,216.12,215.85,215.85,1122
2026-04-10 13:05:00,215.85,216.07,215.85,215.86,80
2026-04-10 13:10:00,215.86,215.86,215.85,215.85,4364
2026-04-10 13:15:00,215.85,215.92,215.85,215.85,46
2026-04-10 13:20:00,215.85,215.85,215.63,215.63,14
2026-04-10 13:25:00,215.63,215.83,215.63,215.83,157
2026-04-10 13:30:00,215.83,215.83,215.59,215.8,3143
2026-04-10 13:35:00,215.8,215.8,215.8,215.8,500
2026-04-10 13:40:00,215.56,215.8,215.56,215.8,43
2026-04-10 13:45:00,215.8,215.8,215.78,215.78,10
2026-04-10 13:50:00,215.78,215.85,215.78,215.83,218
2026-04-10 13:55:00,215.83,216.0,215.77,216.0,504
2026-04-10 14:00:00,216.0,216.59,216.0,216.4,193
2026-04-10 14:05:00,216.4,216.5,216.0,216.0,141
2026-04-10 14:10:00,216.0,216.2,215.56,215.62,1947
2026-04-10 14:15:00,215.62,215.86,215.41,215.49,459
2026-04-10 14:20:00,215.49,215.88,215.41,215.42,670
2026-04-10 14:25:00,215.47,215.77,215.18,215.37,824
2026-04-10 14:30:00,215.37,215.79,215.37,215.47,890
2026-04-10 14:35:00,215.48,215.8,215.2,215.46,834
2026-04-10 14:40:00,215.46,215.89,215.34,215.57,914
2026-04-10 14:45:00,215.57,215.88,215.32,215.88,972
2026-04-10 14:50:00,215.88,215.98,215.47,215.62,849
2026-04-10 14:55:00,215.62,216.0,215.62,216.0,705
2026-04-10 15:00:00,216.0,216.0,215.7,215.91,1064
2026-04-10 15:05:00,215.91,216.16,215.75,216.01,1023
2026-04-10 15:10:00,216.01,217.0,215.94,216.39,3925
2026-04-10 15:15:00,216.39,216.87,216.24,216.64,2904
2026-04-10 15:20:00,216.64,216.8,216.29,216.29,1918
2026-04-10 15:25:00,216.29,216.58,216.02,216.16,3212
2026-04-13 09:15:00,210.4,213.99,210.4,212.55,3579
2026-04-13 09:20:00,212.55,213.53,212.55,213.05,2750
2026-04-13 09:25:00,212.92,213.05,212.6,212.7,1624
2026-04-13 09:30:00,212.7,213.56,212.5,213.56,6160
2026-04-13 09:35:00,213.56,213.56,212.01,212.38,1330
2026-04-13 09:40:00,212.38,213.22,212.38,213.13,262
2026-04-13 09:45:00,213.13,213.13,212.85,212.85,70
2026-04-13 09:50:00,212.74,213.4,212.74,213.4,192
2026-04-13 09:55:00,213.4,213.64,213.22,213.61,1141
2026-04-13 10:00:00,213.61,213.61,213.36,213.36,45
2026-04-13 10:05:00,213.36,213.88,213.36,213.88,238
2026-04-13 10:10:00,213.88,213.88,213.43,213.86,214
2026-04-13 10:15:00,213.86,213.86,213.34,213.53,2216
2026-04-13 10:20:00,213.53,213.84,213.52,213.75,138
2026-04-13 10:25:00,213.75,214.52,213.75,214.52,1684
2026-04-13 10:30:00,214.9,214.97,214.59,214.94,905
2026-04-13 10:35:00,214.95,214.95,214.59,214.95,324
2026-04-13 10:40:00,214.95,214.95,214.31,214.4,562
2026-04-13 10:45:00,214.53,215.67,214.53,215.67,587
2026-04-13 10:50:00,215.67,215.76,215.4,215.76,612
2026-04-13 10:55:00,215.76,215.93,215.76,215.93,92
2026-04-13 11:00:00,215.93,215.97,215.66,215.66,255
2026-04-13 11:05:00,215.41,215.66,215.41,215.57,807
2026-04-13 11:10:00,215.57,215.66,215.43,215.43,199
2026-04-13 11:15:00,215.43,215.89,215.42,215.7,287
2026-04-13 11:20:00,215.7,215.7,214.84,214.9,1452
2026-04-13 11:25:00,214.9,214.9,214.64,214.64,43
2026-04-13 11:30:00,214.64,214.84,214.49,214.84,320
2026-04-13 11:35:00,214.84,214.94,213.38,213.38,10906
2026-04-13 11:40:00,213.38,213.52,213.36,213.36,538
2026-04-13 11:45:00,213.36,213.44,213.35,213.44,58
2026-04-13 11:50:00,213.44,213.96,213.44,213.75,1284
2026-04-13 11:55:00,213.75,213.75,213.75,213.75,0
2026-04-13 12:00:00,213.75,213.75,213.59,213.59,541
2026-04-13 12:05:00,213.59,213.59,213.59,213.59,0
2026-04-13 12:10:00,213.59,213.86,213.59,213.78,969
2026-04-13 12:15:00,213.78,213.78,213.78,213.78,160
2026-04-13 12:20:00,213.78,213.79,213.38,213.79,651
2026-04-13 12:25:00,213.79,213.8,213.79,213.8,234
2026-04-13 12:30:00,213.8,213.84,213.53,213.61,71
2026-04-13 12:35:00,213.61,213.75,213.47,213.47,100
2026-04-13 12:40:00,213.47,213.7,213.47,213.7,20
2026-04-13 12:45:00,213.7,213.74,213.47,213.5,247
2026-04-13 12:50:00,213.5,213.55,213.46,213.55,80
2026-04-13 12:55:00,213.55,213.55,212.81,213.03,1539
2026-04-13 13:00:00,213.03,213.03,213.02,213.02,1517
2026-04-13 13:05:00,213.02,213.38,212.99,213.38,239
2026-04-13 13:10:00,213.38,213.38,213.14,213.14,134
2026-04-13 13:15:00,213.14,213.58,213.13,213.24,1262
2026-04-13 13:20:00,213.24,213.42,213.24,213.42,4
2026-04-13 13:25:00,213.42,213.42,213.27,213.27,25
2026-04-13 13:30:00,213.27,213.42,213.27,213.42,32
2026-04-13 13:35:00,213.42,214.84,213.42,214.8,1354
2026-04-13 13:40:00,214.8,215.56,214.8,215.54,17470
2026-04-13 13:45:00,215.54,215.63,215.01,215.52,2660
2026-04-13 13:50:00,215.52,215.55,214.88,215.3,6750
2026-04-13 13:55:00,215.3,215.3,214.76,215.13,1478
2026-04-13 14:00:00,215.13,215.16,214.59,214.97,1569
2026-04-13 14:05:00,214.97,215.21,214.42,214.83,1778
2026-04-13 14:10:00,214.83,215.0,214.34,214.84,1808
2026-04-13 14:15:00,214.84,215.07,214.52,215.06,1790
2026-04-13 14:20:00,215.06,215.07,214.48,214.85,2219
2026-04-13 14:25:00,214.85,215.02,214.61,215.01,1534
2026-04-13 14:30:00,215.01,215.55,214.94,215.45,1866
2026-04-13 14:35:00,215.55,215.55,215.05,215.49,2105
2026-04-13 14:40:00,215.49,215.55,215.03,215.55,1845
2026-04-13 14:45:00,215.55,215.55,215.21,215.53,1944
2026-04-13 14:50:00,215.55,215.55,215.17,215.28,2050
2026-04-13 14:55:00,215.28,215.55,215.21,215.55,392
2026-04-13 15:00:00,215.55,215.55,214.16,214.16,5279
2026-04-13 15:05:00,214.11,214.5,213.69,213.88,3324
2026-04-13 15:10:00,213.89,214.2,213.6,214.2,1359
2026-04-13 15:15:00,214.2,214.2,213.74,213.77,1436
2026-04-13 15:20:00,213.77,214.13,213.77,214.12,1476
2026-04-13 15:25:00,214.12,216.0,213.75,213.75,11490
2026-04-15 09:15:00,217.45,221.0,215.54,218.7,36811
2026-04-15 09:20:00,218.7,218.7,217.44,217.64,6851
2026-04-15 09:25:00,217.64,217.69,216.61,217.0,9333
2026-04-15 09:30:00,217.54,217.54,216.61,217.21,2303
2026-04-15 09:35:00,217.21,217.21,216.61,216.84,1315
2026-04-15 09:40:00,217.02,217.75,216.85,217.12,4235
2026-04-15 09:45:00,217.12,218.0,217.05,217.94,2880
2026-04-15 09:50:00,217.94,217.94,217.53,217.53,1185
2026-04-15 09:55:00,217.53,218.12,217.38,218.09,3460
2026-04-15 10:00:00,218.09,219.37,218.09,218.36,4356
2026-04-15 10:05:00,218.36,218.36,218.0,218.0,1631
2026-04-15 10:10:00,218.0,218.25,218.0,218.01,924
2026-04-15 10:15:00,218.25,219.13,218.25,218.82,6663
2026-04-15 10:20:00,219.18,219.33,218.42,218.79,3546
2026-04-15 10:25:00,218.63,220.0,218.63,220.0,11203
2026-04-15 10:30:00,220.0,220.43,219.61,219.62,3062
2026-04-15 10:35:00,219.62,220.0,219.61,219.77,1120
2026-04-15 10:40:00,219.77,219.95,219.26,219.26,870
2026-04-15 10:45:00,219.26,219.59,219.06,219.54,880
2026-04-15 10:50:00,219.54,219.54,218.64,218.64,2295
2026-04-15 10:55:00,218.64,219.7,218.64,219.7,1710
2026-04-15 11:00:00,219.7,221.0,219.21,220.76,14005
2026-04-15 11:05:00,220.76,221.0,220.5,220.7,2024
2026-04-15 11:10:00,220.7,220.99,220.36,220.54,1456
2026-04-15 11:15:00,220.54,220.54,220.0,220.3,4563
2026-04-15 11:20:00,220.3,220.6,220.2,220.54,6146
2026-04-15 11:25:00,220.54,221.0,220.54,221.0,6423
2026-04-15 11:30:00,221.0,221.0,220.58,220.58,1269
2026-04-15 11:35:00,220.58,220.59,220.0,220.25,2936
2026-04-15 11:40:00,220.25,221.4,220.11,221.4,12559
2026-04-15 11:45:00,221.4,221.55,221.1,221.44,1808
2026-04-15 11:50:00,221.44,221.44,221.14,221.22,1268
2026-04-15 11:55:00,221.22,221.5,221.03,221.28,2292
2026-04-15 12:00:00,221.28,221.28,221.0,221.0,2022
2026-04-15 12:05:00,221.0,221.16,220.42,221.0,2861
2026-04-15 12:10:00,221.0,221.2,220.72,221.02,735
2026-04-15 12:15:00,221.02,221.18,220.98,220.98,698
2026-04-15 12:20:00,220.98,221.38,220.55,220.75,1794
2026-04-15 12:25:00,220.75,221.3,220.75,221.0,2675
2026-04-15 12:30:00,221.0,221.11,220.53,220.7,1299
2026-04-15 12:35:00,220.7,221.19,220.53,220.97,2357
2026-04-15 12:40:00,220.97,221.4,220.95,221.17,578
2026-04-15 12:45:00,221.17,221.5,221.1,221.1,976
2026-04-15 12:50:00,221.1,221.4,221.1,221.17,547
2026-04-15 12:55:00,221.17,221.44,220.75,220.75,1039
2026-04-15 13:00:00,220.75,221.23,220.75,221.05,905
2026-04-15 13:05:00,221.05,221.28,220.8,220.83,818
2026-04-15 13:10:00,220.83,221.25,220.78,220.78,654
2026-04-15 13:15:00,220.78,221.0,220.62,220.7,1773
2026-04-15 13:20:00,220.7,220.95,219.99,220.16,4577
2026-04-15 13:25:00,220.16,220.8,220.16,220.66,672
2026-04-15 13:30:00,220.66,220.7,220.31,220.58,751
2026-04-15 13:35:00,220.58,220.69,220.35,220.35,798
2026-04-15 13:40:00,220.48,220.6,220.36,220.44,767
2026-04-15 13:45:00,220.44,220.6,220.44,220.51,567
2026-04-15 13:50:00,220.51,220.6,219.92,219.92,2633
2026-04-15 13:55:00,219.92,220.7,219.92,220.45,890
2026-04-15 14:00:00,220.49,220.91,220.27,220.52,1240
2026-04-15 14:05:00,220.52,220.85,220.44,220.6,935
2026-04-15 14:10:00,220.6,220.9,220.42,220.9,760
2026-04-15 14:15:00,220.9,220.91,220.43,220.57,634
2026-04-15 14:20:00,220.57,220.8,220.38,220.5,838
2026-04-15 14:25:00,220.5,220.95,220.5,220.8,897
2026-04-15 14:30:00,220.8,221.0,220.41,220.51,939
2026-04-15 14:35:00,220.51,220.51,220.23,220.31,728
2026-04-15 14:40:00,220.38,220.57,220.25,220.38,1330
2026-04-15 14:45:00,220.38,220.75,220.23,220.53,804
2026-04-15 14:50:00,220.53,220.94,220.2,220.22,2378
2026-04-15 14:55:00,220.22,220.87,220.1,220.43,1192
2026-04-15 15:00:00,220.43,220.43,219.7,220.32,3827
2026-04-15 15:05:00,220.32,220.36,219.7,219.95,3384
2026-04-15 15:10:00,219.95,220.32,219.1,219.13,3166
2026-04-15 15:15:00,219.13,219.9,219.13,219.62,6612
2026-04-15 15:20:00,219.62,219.8,219.3,219.58,3426
2026-04-15 15:25:00,219.49,220.91,219.49,220.0,9283
2026-04-16 09:15:00,220.85,221.99,220.74,220.99,7549
2026-04-16 09:20:00,220.99,223.75,220.99,223.11,20473
2026-04-16 09:25:00,223.11,224.1,222.47,222.47,15112
2026-04-16 09:30:00,222.47,224.01,221.9,224.01,14851
2026-04-16 09:35:00,224.0,224.0,221.5,221.82,7337
2026-04-16 09:40:00,221.82,222.0,221.4,221.4,1599
2026-04-16 09:45:00,221.4,221.53,220.92,221.53,3121
2026-04-16 09:50:00,221.75,222.69,221.41,222.69,1673
2026-04-16 09:55:00,222.88,222.88,222.11,222.32,3416
2026-04-16 10:00:00,222.32,222.48,221.72,222.14,2780
2026-04-16 10:05:00,222.14,222.47,221.96,222.45,2043
2026-04-16 10:10:00,222.45,222.69,222.13,222.69,1774
2026-04-16 10:15:00,222.69,222.72,222.08,222.24,1597
2026-04-16 10:20:00,222.24,222.4,221.91,221.91,1889
2026-04-16 10:25:00,222.06,222.88,222.06,222.55,1017
2026-04-16 10:30:00,222.74,222.87,222.58,222.63,1149
2026-04-16 10:35:00,222.63,222.75,222.39,222.58,644
2026-04-16 10:40:00,222.4,222.64,222.38,222.61,988
2026-04-16 10:45:00,222.43,222.62,222.35,222.42,1438
2026-04-16 10:50:00,222.5,222.54,222.05,222.53,1361
2026-04-16 10:55:00,222.53,222.66,222.19,222.66,1501
2026-04-16 11:00:00,222.66,222.7,222.22,222.57,1146
2026-04-16 11:05:00,222.57,222.58,221.77,221.99,1285
2026-04-16 11:10:00,221.99,222.2,221.77,222.2,566
2026-04-16 11:15:00,222.2,222.2,222.0,222.19,740
2026-04-16 11:20:00,222.19,222.2,222.04,222.16,733
2026-04-16 11:25:00,222.16,222.18,221.84,221.99,2082
2026-04-16 11:30:00,221.99,222.07,221.93,222.05,1000
2026-04-16 11:35:00,222.05,222.2,221.73,222.17,1814
2026-04-16 11:40:00,221.76,222.07,221.46,221.54,850
2026-04-16 11:45:00,221.54,221.7,221.46,221.7,579
2026-04-16 11:50:00,221.7,222.75,221.47,222.75,2932
2026-04-16 11:55:00,222.75,222.75,222.24,222.34,894
2026-04-16 12:00:00,221.96,221.96,220.78,220.79,2080
2026-04-16 12:05:00,220.79,221.0,220.79,221.0,780
2026-04-16 12:10:00,221.0,221.98,221.0,221.78,5533
2026-04-16 12:15:00,221.78,221.78,220.95,221.08,3232
2026-04-16 12:20:00,221.08,221.13,220.96,221.07,180
2026-04-16 12:25:00,220.92,221.07,220.74,220.74,323
2026-04-16 12:30:00,220.74,220.98,220.6,220.6,141
2026-04-16 12:35:00,220.6,220.73,220.59,220.73,898
2026-04-16 12:40:00,220.73,220.75,220.56,220.65,273
2026-04-16 12:45:00,220.65,220.65,220.28,220.55,363
2026-04-16 12:50:00,220.55,220.65,220.25,220.51,659
2026-04-16 12:55:00,220.51,220.56,220.25,220.25,334
2026-04-16 13:00:00,220.35,220.4,220.3,220.4,158
2026-04-16 13:05:00,220.4,220.4,220.25,220.25,148
2026-04-16 13:10:00,220.25,220.34,220.05,220.05,964
2026-04-16 13:15:00,220.05,220.05,219.48,219.62,3455
2026-04-16 13:20:00,219.62,219.97,219.61,219.94,803
2026-04-16 13:25:00,219.82,221.05,219.77,220.81,3578
2026-04-16 13:30:00,220.8,221.45,220.64,221.31,846
2026-04-16 13:35:00,221.31,221.39,221.0,221.23,854
2026-04-16 13:40:00,221.07,221.7,220.99,221.7,869
2026-04-16 13:45:00,221.5,221.75,221.41,221.74,656
2026-04-16 13:50:00,221.59,222.16,221.59,222.16,1301
2026-04-16 13:55:00,222.16,222.16,221.85,222.16,891
2026-04-16 14:00:00,222.13,222.2,221.95,222.07,743
2026-04-16 14:05:00,222.0,222.11,221.86,222.06,742
2026-04-16 14:10:00,221.86,222.07,221.74,221.82,1178
2026-04-16 14:15:00,221.74,221.86,221.44,221.86,822
2026-04-16 14:20:00,221.86,221.98,221.62,221.94,1000
2026-04-16 14:25:00,221.67,222.5,221.67,222.5,1403
2026-04-16 14:30:00,222.32,222.73,222.32,222.68,758
2026-04-16 14:35:00,222.42,222.66,221.8,221.8,845
2026-04-16 14:40:00,221.8,221.8,221.48,221.71,1930
2026-04-16 14:45:00,221.64,221.72,221.42,221.56,911
2026-04-16 14:50:00,221.4,221.8,221.32,221.54,1640
2026-04-16 14:55:00,221.44,222.05,220.93,222.0,3739
2026-04-16 15:00:00,222.0,222.0,221.23,221.76,517
2026-04-16 15:05:00,221.76,222.09,221.67,222.03,1386
2026-04-16 15:10:00,222.03,222.5,221.68,221.71,1247
2026-04-16 15:15:00,221.71,222.23,221.71,221.8,784
2026-04-16 15:20:00,222.02,222.15,221.5,221.52,1469
2026-04-16 15:25:00,221.52,222.7,221.51,222.69,3500
2026-04-17 09:15:00,221.9,222.75,221.1,222.22,3714
2026-04-17 09:20:00,222.22,222.37,222.13,222.35,2136
2026-04-17 09:25:00,222.35,222.5,222.01,222.37,1156
2026-04-17 09:30:00,222.37,222.43,222.0,222.15,1609
2026-04-17 09:35:00,222.15,222.15,221.52,221.82,1695
2026-04-17 09:40:00,221.82,222.15,221.52,222.13,2326
2026-04-17 09:45:00,222.13,222.54,222.1,222.54,2080
2026-04-17 09:50:00,222.54,222.7,222.39,222.4,165
2026-04-17 09:55:00,222.4,222.58,222.21,222.21,473
2026-04-17 10:00:00,222.51,222.51,221.68,222.06,1204
2026-04-17 10:05:00,222.06,222.71,222.06,222.66,2238
2026-04-17 10:10:00,222.66,222.69,222.66,222.69,275
2026-04-17 10:15:00,222.69,223.0,222.68,223.0,1850
2026-04-17 10:20:00,223.0,223.0,222.7,222.7,276
2026-04-17 10:25:00,222.7,222.88,222.7,222.81,1052
2026-04-17 10:30:00,222.81,222.85,222.4,222.4,2627
2026-04-17 10:35:00,222.4,222.68,220.8,222.04,13946
2026-04-17 10:40:00,222.04,222.04,221.78,221.92,1952
2026-04-17 10:45:00,221.92,221.92,221.61,221.61,20
2026-04-17 10:50:00,221.61,221.85,221.61,221.63,409
2026-04-17 10:55:00,221.68,221.94,221.68,221.94,33
2026-04-17 11:00:00,221.95,221.95,221.5,221.5,5533
2026-04-17 11:05:00,221.5,221.86,221.5,221.86,1396
2026-04-17 11:10:00,221.86,222.0,221.86,222.0,385
2026-04-17 11:15:00,222.33,222.65,222.17,222.65,534
2026-04-17 11:20:00,222.65,222.92,222.34,222.57,1055
2026-04-17 11:25:00,222.57,222.75,222.25,222.75,1508
2026-04-17 11:30:00,222.75,222.75,222.33,222.33,100
2026-04-17 11:35:00,222.33,222.68,222.27,222.32,246
2026-04-17 11:40:00,222.32,222.75,222.32,222.75,1303
2026-04-17 11:45:00,222.75,222.75,222.41,222.41,111
2026-04-17 11:50:00,222.41,222.75,222.4,222.71,2470
2026-04-17 11:55:00,222.71,222.71,222.4,222.4,46
2026-04-17 12:00:00,222.4,222.4,222.4,222.4,0
2026-04-17 12:05:00,222.4,222.59,222.27,222.27,537
2026-04-17 12:10:00,222.27,222.56,222.18,222.54,237
2026-04-17 12:15:00,222.54,222.54,222.19,222.48,132
2026-04-17 12:20:00,222.48,222.75,222.48,222.75,1607
2026-04-17 12:25:00,222.75,222.75,222.73,222.73,8
2026-04-17 12:30:00,222.73,222.73,222.73,222.73,0
2026-04-17 12:35:00,222.73,222.73,222.12,222.58,1512
2026-04-17 12:40:00,222.58,223.3,222.22,222.8,25397
2026-04-17 12:45:00,222.8,222.8,222.46,222.46,2
2026-04-17 12:50:00,222.46,222.46,222.46,222.46,0
2026-04-17 12:55:00,222.46,222.46,221.77,221.77,1662
2026-04-17 13:00:00,221.77,222.19,221.77,222.16,23
2026-04-17 13:05:00,222.16,222.16,221.6,221.91,1020
2026-04-17 13:10:00,221.91,222.14,221.91,221.97,314
2026-04-17 13:15:00,221.97,222.52,221.97,222.38,141
2026-04-17 13:20:00,222.38,222.47,222.23,222.4,64
2026-04-17 13:25:00,222.4,222.52,222.38,222.51,1125
2026-04-17 13:30:00,222.51,222.51,222.16,222.4,63
2026-04-17 13:35:00,222.4,222.41,222.02,222.36,2410
2026-04-17 13:40:00,222.36,222.36,222.1,222.1,304
2026-04-17 13:45:00,222.1,222.75,222.1,222.75,990
2026-04-17 13:50:00,222.75,222.79,222.52,222.78,104
2026-04-17 13:55:00,222.78,222.78,222.52,222.73,174
2026-04-17 14:00:00,222.73,222.73,222.25,222.42,170
2026-04-17 14:05:00,222.42,222.5,221.94,221.94,413
2026-04-17 14:10:00,221.94,222.47,221.94,222.2,166
2026-04-17 14:15:00,222.2,222.55,222.2,222.48,754
2026-04-17 14:20:00,222.48,222.53,222.35,222.48,330
2026-04-17 14:25:00,222.48,222.48,221.72,221.72,563
2026-04-17 14:30:00,221.72,222.11,221.72,222.0,62
2026-04-17 14:35:00,222.0,222.01,221.51,221.95,1477
2026-04-17 14:40:00,221.95,222.06,221.75,222.06,884
2026-04-17 14:45:00,222.06,222.4,222.05,222.1,177
2026-04-17 14:50:00,222.1,222.5,222.05,222.43,1433
2026-04-17 14:55:00,222.43,222.53,222.12,222.5,256
2026-04-17 15:00:00,222.37,222.38,221.44,221.44,3698
2026-04-17 15:05:00,221.44,222.4,221.44,222.4,1111
2026-04-17 15:10:00,222.4,222.4,221.93,222.3,851
2026-04-17 15:15:00,222.3,222.48,222.3,222.46,1862
2026-04-17 15:20:00,222.46,222.71,221.56,222.71,6328
2026-04-17 15:25:00,222.71,223.0,222.05,222.05,2733
2026-04-20 09:15:00,222.0,222.0,219.28,220.65,6862
2026-04-20 09:20:00,220.65,222.05,220.65,221.85,6458
2026-04-20 09:25:00,221.85,221.85,220.0,221.6,4127
2026-04-20 09:30:00,221.6,221.6,220.0,220.13,1719
2026-04-20 09:35:00,220.13,220.13,219.41,219.85,2890
2026-04-20 09:40:00,219.85,220.72,219.85,220.35,1516
2026-04-20 09:45:00,220.35,220.44,220.06,220.43,380
2026-04-20 09:50:00,220.43,220.75,220.38,220.71,2331
2026-04-20 09:55:00,220.71,220.71,220.01,220.01,3040
2026-04-20 10:00:00,220.01,220.33,219.62,219.62,3434
2026-04-20 10:05:00,219.62,220.82,219.62,220.82,948
2026-04-20 10:10:00,220.82,220.82,220.0,220.59,2257
2026-04-20 10:15:00,220.59,220.59,220.42,220.49,1476
2026-04-20 10:20:00,220.49,220.49,220.19,220.19,786
2026-04-20 10:25:00,220.19,220.4,220.0,220.35,1975
2026-04-20 10:30:00,220.09,220.36,219.75,219.75,11694
2026-04-20 10:35:00,219.75,219.75,219.28,219.28,526
2026-04-20 10:40:00,219.28,219.6,219.2,219.6,279
2026-04-20 10:45:00,219.6,219.7,219.2,219.59,2090
2026-04-20 10:50:00,219.59,219.85,219.47,219.85,378
2026-04-20 10:55:00,219.85,219.85,219.76,219.76,1184
2026-04-20 11:00:00,219.76,219.76,219.36,219.36,452
2026-04-20 11:05:00,219.36,219.36,219.32,219.32,4
2026-04-20 11:10:00,219.32,219.32,219.19,219.2,474
2026-04-20 11:15:00,219.2,219.2,219.2,219.2,0
2026-04-20 11:20:00,219.2,219.31,219.01,219.3,661
2026-04-20 11:25:00,219.35,219.65,219.35,219.37,281
2026-04-20 11:30:00,219.37,219.59,219.37,219.59,221
2026-04-20 11:35:00,219.59,219.6,219.35,219.6,676
2026-04-20 11:40:00,219.6,219.74,219.5,219.61,437
2026-04-20 11:45:00,219.61,219.7,219.44,219.5,235
2026-04-20 11:50:00,219.5,219.5,219.44,219.5,35
2026-04-20 11:55:00,219.5,220.6,219.44,220.41,15666
2026-04-20 12:00:00,220.61,221.0,220.46,220.74,6119
2026-04-20 12:05:00,220.74,220.74,220.4,220.63,567
2026-04-20 12:10:00,220.63,220.63,220.51,220.51,568
2026-04-20 12:15:00,220.51,221.35,220.51,221.35,2526
2026-04-20 12:20:00,221.35,222.8,221.16,221.87,9546
2026-04-20 12:25:00,221.87,222.29,221.49,221.49,6998
2026-04-20 12:30:00,221.49,221.95,221.49,221.57,221
2026-04-20 12:35:00,221.57,221.65,221.57,221.65,60
2026-04-20 12:40:00,221.65,221.66,221.6,221.61,1222
2026-04-20 12:45:00,221.61,221.84,221.61,221.72,2
2026-04-20 12:50:00,221.72,221.84,221.72,221.84,12
2026-04-20 12:55:00,221.84,221.84,221.72,221.72,79
2026-04-20 13:00:00,221.72,221.72,221.23,221.23,615
2026-04-20 13:05:00,221.23,221.48,221.23,221.24,31
2026-04-20 13:10:00,221.24,221.24,221.24,221.24,0
2026-04-20 13:15:00,221.24,221.24,220.39,220.56,5758
2026-04-20 13:20:00,220.56,221.28,220.56,221.14,2684
2026-04-20 13:25:00,221.14,221.69,220.11,221.69,7954
2026-04-20 13:30:00,221.88,221.9,221.29,221.9,2743
2026-04-20 13:35:00,221.9,221.9,221.31,221.33,2626
2026-04-20 13:40:00,221.33,222.0,221.0,221.86,7368
2026-04-20 13:45:00,221.86,222.19,221.5,221.8,3407
2026-04-20 13:50:00,221.8,222.0,221.61,222.0,2304
2026-04-20 13:55:00,222.0,222.0,221.49,221.99,2727
2026-04-20 14:00:00,221.99,221.99,221.31,221.99,3484
2026-04-20 14:05:00,221.99,222.0,221.7,221.78,2473
2026-04-20 14:10:00,221.7,222.51,221.65,222.51,4699
2026-04-20 14:15:00,222.51,222.66,222.03,222.66,2738
2026-04-20 14:20:00,222.66,222.8,222.01,222.8,5533
2026-04-20 14:25:00,222.8,223.0,222.47,223.0,3309
2026-04-20 14:30:00,222.94,222.96,222.41,222.61,2151
2026-04-20 14:35:00,222.61,222.94,222.33,222.93,2688
2026-04-20 14:40:00,222.93,223.0,222.4,223.0,2972
2026-04-20 14:45:00,223.0,223.0,222.57,222.84,4051
2026-04-20 14:50:00,222.84,223.0,222.77,223.0,3826
2026-04-20 14:55:00,223.0,223.1,222.0,222.37,7450
2026-04-20 15:00:00,221.93,222.2,221.7,222.2,3119
2026-04-20 15:05:00,222.2,222.2,221.54,222.05,3656
2026-04-20 15:10:00,222.1,222.1,221.41,222.09,3355
2026-04-20 15:15:00,221.49,221.65,220.35,220.36,2281
2026-04-20 15:20:00,220.36,221.14,220.0,220.29,7437
2026-04-20 15:25:00,220.75,220.75,219.5,220.7,3595
2026-04-21 09:15:00,220.11,222.0,220.11,221.78,3923
2026-04-21 09:20:00,221.78,222.0,221.34,221.34,1269
2026-04-21 09:25:00,221.73,221.89,221.39,221.39,901
2026-04-21 09:30:00,221.39,222.7,220.87,222.33,7517
2026-04-21 09:35:00,222.33,222.48,222.0,222.0,1150
2026-04-21 09:40:00,222.0,222.74,222.0,222.31,1795
2026-04-21 09:45:00,222.31,222.5,222.14,222.24,1016
2026-04-21 09:50:00,222.24,222.25,221.7,222.0,652
2026-04-21 09:55:00,221.77,222.24,221.77,221.81,797
2026-04-21 10:00:00,221.81,221.94,221.81,221.9,61
2026-04-21 10:05:00,221.9,222.3,221.9,221.96,104
2026-04-21 10:10:00,222.13,222.3,222.05,222.3,1070
2026-04-21 10:15:00,222.3,222.82,222.06,222.82,2714
2026-04-21 10:20:00,222.82,222.82,222.66,222.66,104
2026-04-21 10:25:00,222.66,222.66,222.66,222.66,2
2026-04-21 10:30:00,222.66,222.7,222.53,222.53,38
2026-04-21 10:35:00,222.53,222.59,222.29,222.29,83
2026-04-21 10:40:00,222.29,222.31,222.29,222.31,375
2026-04-21 10:45:00,222.31,222.72,222.3,222.3,575
2026-04-21 10:50:00,222.3,222.74,222.3,222.72,725
2026-04-21 10:55:00,222.53,222.63,222.34,222.63,900
2026-04-21 11:00:00,222.63,222.7,222.36,222.36,353
2026-04-21 11:05:00,222.36,222.61,222.36,222.38,87
2026-04-21 11:10:00,222.38,222.58,222.29,222.29,527
2026-04-21 11:15:00,222.29,222.5,222.18,222.5,2481
2026-04-21 11:20:00,222.5,222.5,222.17,222.17,1
2026-04-21 11:25:00,222.17,222.34,222.17,222.34,67
2026-04-21 11:30:00,222.34,222.5,222.18,222.18,1261
2026-04-21 11:35:00,222.18,222.5,222.18,222.5,308
2026-04-21 11:40:00,222.5,222.6,222.25,222.25,1586
2026-04-21 11:45:00,222.26,222.59,222.26,222.37,180
2026-04-21 11:50:00,222.37,222.6,222.36,222.6,1898
2026-04-21 11:55:00,222.6,222.82,222.6,222.6,172
2026-04-21 12:00:00,222.6,222.85,222.52,222.79,917
2026-04-21 12:05:00,222.79,222.79,222.59,222.59,7
2026-04-21 12:10:00,222.59,222.9,222.48,222.9,1251
2026-04-21 12:15:00,222.9,222.9,222.0,222.0,4487
2026-04-21 12:20:00,222.0,222.0,221.85,221.85,273
2026-04-21 12:25:00,221.85,221.89,221.6,221.6,209
2026-04-21 12:30:00,221.6,221.93,221.6,221.65,474
2026-04-21 12:35:00,221.65,221.65,221.5,221.5,1726
2026-04-21 12:40:00,221.5,221.5,221.14,221.46,153
2026-04-21 12:45:00,221.46,221.56,221.39,221.56,1033
2026-04-21 12:50:00,221.56,221.84,221.56,221.84,304
2026-04-21 12:55:00,221.57,221.65,221.57,221.65,154
2026-04-21 13:00:00,221.65,221.87,221.43,221.43,4724
2026-04-21 13:05:00,221.43,221.43,221.01,221.1,3041
2026-04-21 13:10:00,221.1,221.39,221.1,221.39,35
2026-04-21 13:15:00,221.39,221.39,221.38,221.38,50
2026-04-21 13:20:00,221.38,221.42,220.86,221.33,12460
2026-04-21 13:25:00,221.33,221.76,221.33,221.76,2168
2026-04-21 13:30:00,221.76,221.76,221.6,221.76,91
2026-04-21 13:35:00,221.76,221.76,221.56,221.66,1076
2026-04-21 13:40:00,221.66,221.83,221.57,221.57,115
2026-04-21 13:45:00,221.57,221.57,221.0,221.1,3727
2026-04-21 13:50:00,221.1,221.14,221.1,221.14,48
2026-04-21 13:55:00,221.14,221.32,221.14,221.32,284
2026-04-21 14:00:00,221.32,221.32,221.05,221.06,128
2026-04-21 14:05:00,221.06,221.39,221.06,221.39,115
2026-04-21 14:10:00,221.39,222.9,221.12,222.75,12895
2026-04-21 14:15:00,222.87,224.1,222.87,223.57,10720
2026-04-21 14:20:00,223.57,223.8,223.45,223.5,1651
2026-04-21 14:25:00,223.5,225.96,223.5,225.23,23319
2026-04-21 14:30:00,225.0,226.02,225.0,225.48,9117
2026-04-21 14:35:00,225.48,225.5,225.0,225.5,3858
2026-04-21 14:40:00,225.5,225.5,225.01,225.37,1926
2026-04-21 14:45:00,225.08,226.0,225.0,225.1,5165
2026-04-21 14:50:00,225.1,226.0,224.93,225.7,4959
2026-04-21 14:55:00,225.7,226.75,225.69,226.12,7664
2026-04-21 15:00:00,226.0,226.0,225.0,225.0,12910
2026-04-21 15:05:00,225.0,225.85,225.0,225.7,3767
2026-04-21 15:10:00,225.7,225.8,225.5,225.5,4677
2026-04-21 15:15:00,225.5,226.4,225.5,226.08,12482
2026-04-21 15:20:00,226.08,226.39,225.69,225.9,16608
2026-04-21 15:25:00,225.9,229.5,225.05,228.19,33835
2026-04-22 09:15:00,225.9,228.95,224.0,227.37,19124
2026-04-22 09:20:00,227.06,227.95,226.67,227.37,5314
2026-04-22 09:25:00,227.37,227.43,226.72,226.98,5389
2026-04-22 09:30:00,226.61,227.55,226.61,227.47,1924
2026-04-22 09:35:00,227.47,228.6,227.47,228.46,9373
2026-04-22 09:40:00,228.14,228.88,228.14,228.44,5472
2026-04-22 09:45:00,228.08,228.47,227.51,227.56,4894
2026-04-22 09:50:00,227.56,228.09,227.14,227.7,2680
2026-04-22 09:55:00,227.7,227.85,227.5,227.5,457
2026-04-22 10:00:00,227.5,227.67,227.0,227.43,1452
2026-04-22 10:05:00,227.43,227.54,227.02,227.2,226
2026-04-22 10:10:00,227.2,227.62,227.2,227.53,225
2026-04-22 10:15:00,227.21,227.55,227.21,227.5,459
2026-04-22 10:20:00,227.5,227.68,226.32,227.42,7296
2026-04-22 10:25:00,227.42,227.75,227.42,227.75,52
2026-04-22 10:30:00,227.75,228.55,227.75,228.08,4402
2026-04-22 10:35:00,228.3,228.3,228.09,228.29,143
2026-04-22 10:40:00,228.29,228.29,227.94,228.0,1025
2026-04-22 10:45:00,228.0,228.3,228.0,228.3,831
2026-04-22 10:50:00,228.3,228.3,227.66,227.7,2126
2026-04-22 10:55:00,227.7,228.71,227.68,228.34,9631
2026-04-22 11:00:00,228.34,228.7,228.23,228.53,1323
2026-04-22 11:05:00,228.53,228.53,228.16,228.47,316
2026-04-22 11:10:00,228.47,228.54,228.16,228.44,348
2026-04-22 11:15:00,228.44,228.44,228.12,228.17,355
2026-04-22 11:20:00,228.17,228.7,228.08,228.4,1272
2026-04-22 11:25:00,228.4,228.4,228.03,228.33,1325
2026-04-22 11:30:00,228.33,228.5,228.19,228.19,2300
2026-04-22 11:35:00,228.19,228.38,228.1,228.38,68
2026-04-22 11:40:00,228.2,228.47,228.2,228.47,503
2026-04-22 11:45:00,228.47,228.47,228.2,228.2,53
2026-04-22 11:50:00,228.2,228.39,228.2,228.39,58
2026-04-22 11:55:00,228.39,228.39,228.26,228.39,552
2026-04-22 12:00:00,228.39,228.39,228.39,228.39,154
2026-04-22 12:05:00,228.39,228.39,228.26,228.38,123
2026-04-22 12:10:00,228.38,228.39,228.2,228.35,544
2026-04-22 12:15:00,228.35,228.35,228.2,228.35,22
2026-04-22 12:20:00,228.35,228.35,228.0,228.0,244
2026-04-22 12:25:00,228.0,228.35,228.0,228.35,1026
2026-04-22 12:30:00,228.35,228.35,228.25,228.25,466
2026-04-22 12:35:00,228.25,228.39,228.25,228.25,865
2026-04-22 12:40:00,228.25,228.25,227.1,227.25,4340
2026-04-22 12:45:00,227.25,227.58,227.25,227.58,696
2026-04-22 12:50:00,227.58,227.58,227.15,227.22,205
2026-04-22 12:55:00,227.22,227.5,227.22,227.5,400
2026-04-22 13:00:00,227.5,228.28,227.5,228.28,1493
2026-04-22 13:05:00,228.28,228.45,228.03,228.28,1447
2026-04-22 13:10:00,228.28,228.45,228.25,228.25,2780
2026-04-22 13:15:00,228.25,228.45,228.25,228.25,43
2026-04-22 13:20:00,228.25,228.45,228.25,228.45,17
2026-04-22 13:25:00,228.45,228.45,228.25,228.25,151
2026-04-22 13:30:00,228.25,228.45,228.25,228.45,57
2026-04-22 13:35:00,228.45,228.45,228.45,228.45,0
2026-04-22 13:40:00,228.45,228.45,228.25,228.25,117
2026-04-22 13:45:00,228.25,228.26,228.25,228.25,1025
2026-04-22 13:50:00,228.25,228.25,228.22,228.22,647
2026-04-22 13:55:00,228.22,228.25,228.03,228.04,631
2026-04-22 14:00:00,228.04,228.25,228.01,228.01,510
2026-04-22 14:05:00,228.01,228.04,228.01,228.02,51
2026-04-22 14:10:00,228.02,228.02,228.0,228.0,620
2026-04-22 14:15:00,228.0,228.2,227.5,228.0,1375
2026-04-22 14:20:00,228.0,228.25,228.0,228.25,189
2026-04-22 14:25:00,228.25,229.4,228.01,229.4,9953
2026-04-22 14:30:00,229.4,229.5,228.91,229.16,3923
2026-04-22 14:35:00,229.16,229.18,228.9,228.9,1407
2026-04-22 14:40:00,228.9,228.9,228.83,228.85,127
2026-04-22 14:45:00,228.85,229.0,228.25,229.0,5313
2026-04-22 14:50:00,229.0,229.48,229.0,229.13,870
2026-04-22 14:55:00,229.1,229.97,229.1,229.97,4370
2026-04-22 15:00:00,229.97,229.97,229.25,229.35,5891
2026-04-22 15:05:00,229.35,229.84,228.1,228.16,11337
2026-04-22 15:10:00,228.16,230.21,228.16,229.84,21002
2026-04-22 15:15:00,229.75,229.97,229.18,229.78,5007
2026-04-22 15:20:00,229.78,230.94,229.78,230.7,9434
2026-04-22 15:25:00,230.7,231.7,230.02,231.13,14452
2026-04-23 09:15:00,231.5,231.5,229.42,229.84,7946
2026-04-23 09:20:00,229.84,230.02,229.34,229.93,3935
2026-04-23 09:25:00,229.65,230.0,229.65,230.0,929
2026-04-23 09:30:00,229.81,239.0,229.62,235.47,145323
2026-04-23 09:35:00,235.45,236.5,234.65,234.65,150363
2026-04-23 09:40:00,234.77,234.85,233.43,233.54,39838
2026-04-23 09:45:00,233.54,234.78,233.54,234.28,16312
2026-04-23 09:50:00,234.24,235.0,234.2,234.78,21517
2026-04-23 09:55:00,234.96,235.04,234.58,234.58,6644
2026-04-23 10:00:00,234.58,234.85,233.19,234.65,10396
2026-04-23 10:05:00,234.65,235.28,234.32,234.95,6654
2026-04-23 10:10:00,235.01,235.14,234.76,234.9,3586
2026-04-23 10:15:00,234.9,235.3,234.68,235.14,5665
2026-04-23 10:20:00,235.14,235.14,234.77,234.94,3008
2026-04-23 10:25:00,234.94,234.94,234.3,234.58,2370
2026-04-23 10:30:00,234.3,234.62,234.2,234.58,4042
2026-04-23 10:35:00,234.58,234.58,234.13,234.17,3461
2026-04-23 10:40:00,234.17,234.34,234.0,234.01,1641
2026-04-23 10:45:00,234.01,234.56,234.0,234.28,2142
2026-04-23 10:50:00,234.28,234.5,234.05,234.49,891
2026-04-23 10:55:00,234.49,234.49,233.83,234.27,3152
2026-04-23 11:00:00,234.27,234.53,234.0,234.16,1511
2026-04-23 11:05:00,234.16,234.17,233.9,234.16,373
2026-04-23 11:10:00,234.16,234.38,234.0,234.01,541
2026-04-23 11:15:00,234.01,234.26,234.0,234.01,1776
2026-04-23 11:20:00,234.01,234.25,233.88,234.02,2139
2026-04-23 11:25:00,234.02,234.5,234.0,234.49,4142
2026-04-23 11:30:00,234.49,234.5,234.0,234.4,2952
2026-04-23 11:35:00,234.4,234.48,234.02,234.13,2879
2026-04-23 11:40:00,234.13,234.25,234.04,234.04,899
2026-04-23 11:45:00,234.04,234.25,234.03,234.04,498
2026-04-23 11:50:00,234.04,234.29,234.02,234.29,619
2026-04-23 11:55:00,234.29,234.3,233.97,233.97,1194
2026-04-23 12:00:00,234.0,234.05,233.5,233.56,5841
2026-04-23 12:05:00,233.32,234.0,233.32,234.0,1535
2026-04-23 12:10:00,234.0,234.08,233.62,233.62,662
2026-04-23 12:15:00,233.62,233.86,233.62,233.66,902
2026-04-23 12:20:00,233.66,233.69,233.22,233.47,2720
2026-04-23 12:25:00,233.47,234.43,233.41,234.18,2591
2026-04-23 12:30:00,234.18,234.18,233.4,233.46,1685
2026-04-23 12:35:00,233.46,233.75,233.24,233.32,1078
2026-04-23 12:40:00,233.32,233.64,233.24,233.25,1442
2026-04-23 12:45:00,233.25,233.47,233.24,233.46,266
2026-04-23 12:50:00,233.46,233.68,233.1,233.61,3708
2026-04-23 12:55:00,233.61,233.61,233.0,233.32,4018
2026-04-23 13:00:00,233.32,233.75,233.11,233.45,1521
2026-04-23 13:05:00,233.45,233.52,233.44,233.44,1218
2026-04-23 13:10:00,233.44,233.96,233.3,233.7,2398
2026-04-23 13:15:00,233.7,234.3,233.7,234.25,2069
2026-04-23 13:20:00,234.25,234.25,234.0,234.0,352
2026-04-23 13:25:00,234.0,234.24,234.0,234.2,375
2026-04-23 13:30:00,234.2,234.2,234.0,234.0,628
2026-04-23 13:35:00,234.0,234.5,233.26,233.45,6292
2026-04-23 13:40:00,233.45,233.67,233.21,233.5,1584
2026-04-23 13:45:00,233.5,233.76,233.5,233.53,775
2026-04-23 13:50:00,233.53,233.99,233.5,233.8,600
2026-04-23 13:55:00,233.8,233.99,233.41,233.96,2389
2026-04-23 14:00:00,233.96,234.36,233.96,234.35,658
2026-04-23 14:05:00,234.35,234.96,233.95,234.91,8253
2026-04-23 14:10:00,234.91,234.91,234.43,234.79,1447
2026-04-23 14:15:00,234.79,235.13,234.45,235.13,5354
2026-04-23 14:20:00,235.13,235.45,234.96,235.1,1490
2026-04-23 14:25:00,235.1,235.57,235.0,235.13,3668
2026-04-23 14:30:00,235.13,235.13,234.75,235.05,2745
2026-04-23 14:35:00,235.05,236.0,234.75,236.0,16765
2026-04-23 14:40:00,236.0,236.25,234.97,236.0,20286
2026-04-23 14:45:00,236.0,236.29,235.62,235.62,4404
2026-04-23 14:50:00,235.62,236.28,235.42,236.0,4115
2026-04-23 14:55:00,236.0,236.5,235.8,236.0,7942
2026-04-23 15:00:00,236.0,237.0,235.81,235.82,19342
2026-04-23 15:05:00,235.82,235.98,235.27,235.29,2799
2026-04-23 15:10:00,235.29,235.54,235.0,235.18,8914
2026-04-23 15:15:00,235.18,235.8,234.0,234.6,27948
2026-04-23 15:20:00,234.6,235.0,233.7,233.99,17698
2026-04-23 15:25:00,234.0,234.2,233.59,234.2,12915
2026-04-24 09:15:00,235.12,236.97,232.92,233.11,15338
2026-04-24 09:20:00,233.11,233.11,231.72,232.1,13510
2026-04-24 09:25:00,232.1,232.5,232.0,232.2,4199
2026-04-24 09:30:00,232.01,233.21,231.2,231.44,10937
2026-04-24 09:35:00,231.44,231.53,230.54,230.79,4511
2026-04-24 09:40:00,230.79,230.85,230.1,230.41,5374
2026-04-24 09:45:00,230.41,230.69,228.52,229.39,23134
2026-04-24 09:50:00,229.39,229.56,227.88,228.3,6956
2026-04-24 09:55:00,228.3,229.46,228.3,229.39,5435
2026-04-24 10:00:00,229.39,230.16,229.32,230.0,4426
2026-04-24 10:05:00,230.0,230.22,229.59,229.59,3622
2026-04-24 10:10:00,229.59,230.98,229.36,230.86,2803
2026-04-24 10:15:00,230.86,230.86,229.98,230.3,3599
2026-04-24 10:20:00,230.3,230.3,229.4,229.48,953
2026-04-24 10:25:00,229.48,229.92,228.84,229.52,1573
2026-04-24 10:30:00,229.52,229.52,229.1,229.5,1346
2026-04-24 10:35:00,229.5,229.5,229.01,229.01,184
2026-04-24 10:40:00,229.01,229.33,228.85,228.85,1235
2026-04-24 10:45:00,228.85,228.89,228.48,228.48,1749
2026-04-24 10:50:00,228.48,228.48,228.0,228.37,785
2026-04-24 10:55:00,228.37,228.37,228.01,228.35,348
2026-04-24 11:00:00,228.35,228.35,228.01,228.01,662
2026-04-24 11:05:00,228.01,228.66,228.01,228.37,636
2026-04-24 11:10:00,228.37,228.49,228.0,228.03,2754
2026-04-24 11:15:00,228.03,228.26,228.0,228.14,1241
2026-04-24 11:20:00,228.09,228.09,228.09,228.09,54
2026-04-24 11:25:00,228.09,228.09,227.6,227.6,2159
2026-04-24 11:30:00,227.6,227.9,227.6,227.9,181
2026-04-24 11:35:00,227.9,228.0,227.6,227.9,757
2026-04-24 11:40:00,227.9,227.9,227.75,227.75,264
2026-04-24 11:45:00,227.75,227.75,226.21,226.47,4640
2026-04-24 11:50:00,226.19,226.54,226.1,226.14,462
2026-04-24 11:55:00,226.14,226.8,226.14,226.68,2384
2026-04-24 12:00:00,226.73,226.75,226.35,226.43,683
2026-04-24 12:05:00,226.43,226.67,226.43,226.67,796
2026-04-24 12:10:00,226.67,227.28,226.63,227.26,482
2026-04-24 12:15:00,227.26,227.35,226.66,227.21,2057
2026-04-24 12:20:00,227.21,227.21,226.5,226.87,2433
2026-04-24 12:25:00,226.87,226.95,226.0,226.48,7070
2026-04-24 12:30:00,226.48,226.48,225.9,226.28,1272
2026-04-24 12:35:00,226.28,226.39,226.0,226.39,386
2026-04-24 12:40:00,226.39,226.64,226.38,226.38,853
2026-04-24 12:45:00,226.38,226.38,225.76,226.31,2241
2026-04-24 12:50:00,226.31,226.42,226.04,226.42,525
2026-04-24 12:55:00,226.42,227.0,226.01,226.4,2084
2026-04-24 13:00:00,226.66,226.66,226.3,226.32,69
2026-04-24 13:05:00,226.0,226.0,225.82,225.89,646
2026-04-24 13:10:00,225.89,225.89,225.35,225.65,1344
2026-04-24 13:15:00,225.65,226.13,225.65,225.77,1232
2026-04-24 13:20:00,225.77,226.08,225.77,226.02,368
2026-04-24 13:25:00,225.75,226.1,225.75,226.1,338
2026-04-24 13:30:00,226.1,226.34,226.0,226.34,909
2026-04-24 13:35:00,226.34,226.34,225.68,225.68,770
2026-04-24 13:40:00,225.68,225.68,225.35,225.6,1851
2026-04-24 13:45:00,225.6,225.68,225.37,225.68,128
2026-04-24 13:50:00,225.68,226.0,225.68,226.0,107
2026-04-24 13:55:00,226.0,227.33,225.83,227.33,12229
2026-04-24 14:00:00,227.33,227.73,227.33,227.35,624
2026-04-24 14:05:00,227.09,227.93,227.09,227.69,10557
2026-04-24 14:10:00,227.69,228.01,227.69,228.01,242
2026-04-24 14:15:00,228.01,228.67,228.0,228.5,1569
2026-04-24 14:20:00,228.5,229.32,228.5,229.12,5864
2026-04-24 14:25:00,228.81,229.39,228.81,229.04,651
2026-04-24 14:30:00,229.1,229.63,229.1,229.63,2137
2026-04-24 14:35:00,229.63,229.74,229.16,229.25,1030
2026-04-24 14:40:00,229.25,231.17,229.11,231.17,15263
2026-04-24 14:45:00,231.42,232.64,231.42,232.27,9981
2026-04-24 14:50:00,232.27,232.49,232.16,232.4,3233
2026-04-24 14:55:00,232.4,232.43,232.0,232.0,3983
2026-04-24 15:00:00,231.91,232.25,231.81,231.97,2774
2026-04-24 15:05:00,231.97,232.24,231.67,232.24,4075
2026-04-24 15:10:00,232.24,232.46,232.24,232.38,2310
2026-04-24 15:15:00,232.38,232.45,231.96,232.38,7482
2026-04-24 15:20:00,232.38,232.38,231.72,231.75,1672
2026-04-24 15:25:00,231.77,232.0,230.0,230.0,10434
2026-04-27 09:15:00,230.0,231.66,228.88,228.88,6249
2026-04-27 09:20:00,228.88,230.31,228.32,229.42,6356
2026-04-27 09:25:00,229.42,230.53,229.42,230.19,4072
2026-04-27 09:30:00,230.19,231.63,230.04,230.94,6805
2026-04-27 09:35:00,230.85,231.58,230.79,231.24,1540
2026-04-27 09:40:00,231.24,232.56,231.0,232.5,4384
2026-04-27 09:45:00,232.5,233.0,232.21,232.88,3911
2026-04-27 09:50:00,232.88,233.0,232.51,232.75,2433
2026-04-27 09:55:00,232.75,232.97,232.5,232.73,2735
2026-04-27 10:00:00,232.53,232.53,231.32,231.64,4083
2026-04-27 10:05:00,231.64,231.64,230.91,231.35,1115
2026-04-27 10:10:00,231.35,231.42,230.9,231.02,1028
2026-04-27 10:15:00,231.02,231.4,230.85,231.24,459
2026-04-27 10:20:00,231.24,231.31,230.85,231.26,459
2026-04-27 10:25:00,231.26,231.58,230.86,231.58,1931
2026-04-27 10:30:00,231.58,231.58,231.17,231.58,589
2026-04-27 10:35:00,231.75,232.33,231.5,232.31,2023
2026-04-27 10:40:00,232.06,232.64,232.06,232.36,6473
2026-04-27 10:45:00,232.36,232.73,232.15,232.73,1184
2026-04-27 10:50:00,232.73,232.99,232.46,232.8,971
2026-04-27 10:55:00,232.81,232.99,232.55,232.87,860
2026-04-27 11:00:00,232.87,232.99,232.6,232.99,1442
2026-04-27 11:05:00,232.99,232.99,232.56,232.84,3344
2026-04-27 11:10:00,232.84,233.39,232.67,233.28,2522
2026-04-27 11:15:00,233.39,233.49,232.23,232.44,3670
2026-04-27 11:20:00,232.44,232.44,232.1,232.33,637
2026-04-27 11:25:00,232.33,232.45,232.15,232.42,471
2026-04-27 11:30:00,232.42,232.46,232.1,232.35,1307
2026-04-27 11:35:00,232.35,234.89,232.35,233.67,15757
2026-04-27 11:40:00,233.67,233.8,233.56,233.6,998
2026-04-27 11:45:00,233.6,233.86,233.39,233.79,1760
2026-04-27 11:50:00,233.86,233.86,233.41,233.74,208
2026-04-27 11:55:00,233.74,233.74,233.0,233.39,5569
2026-04-27 12:00:00,233.39,233.5,233.04,233.5,1107
2026-04-27 12:05:00,233.5,233.55,233.27,233.55,1694
2026-04-27 12:10:00,233.55,233.99,233.45,233.9,340
2026-04-27 12:15:00,233.9,233.9,233.54,233.87,277
2026-04-27 12:20:00,233.87,233.87,233.69,233.69,527
2026-04-27 12:25:00,233.69,233.69,233.54,233.68,270
2026-04-27 12:30:00,233.68,233.68,233.68,233.68,130
2026-04-27 12:35:00,233.68,233.98,233.68,233.91,402
2026-04-27 12:40:00,233.91,233.98,233.68,233.68,1190
2026-04-27 12:45:00,233.68,233.94,233.68,233.94,308
2026-04-27 12:50:00,233.94,234.0,233.84,234.0,2857
2026-04-27 12:55:00,234.0,234.0,233.8,233.8,42
2026-04-27 13:00:00,233.8,233.8,233.8,233.8,166
2026-04-27 13:05:00,233.8,234.0,233.51,233.65,1781
2026-04-27 13:10:00,233.65,233.96,233.62,233.65,365
2026-04-27 13:15:00,233.65,233.9,233.54,233.57,494
2026-04-27 13:20:00,233.57,233.57,233.07,233.07,712
2026-04-27 13:25:00,233.07,233.59,233.07,233.45,262
2026-04-27 13:30:00,233.45,233.7,233.45,233.5,502
2026-04-27 13:35:00,233.5,233.5,233.5,233.5,0
2026-04-27 13:40:00,233.5,233.67,233.5,233.5,74
2026-04-27 13:45:00,233.5,233.5,233.39,233.5,262
2026-04-27 13:50:00,233.5,233.66,233.5,233.5,464
2026-04-27 13:55:00,233.5,233.5,233.05,233.05,409
2026-04-27 14:00:00,233.17,233.17,232.75,233.12,1275
2026-04-27 14:05:00,233.12,233.79,232.86,233.42,1327
2026-04-27 14:10:00,233.42,234.41,233.42,234.33,2030
2026-04-27 14:15:00,234.33,234.49,234.02,234.36,1126
2026-04-27 14:20:00,234.36,234.36,233.86,233.87,956
2026-04-27 14:25:00,233.87,234.29,233.78,234.2,1663
2026-04-27 14:30:00,234.2,234.35,233.59,233.72,2762
2026-04-27 14:35:00,233.72,233.92,233.53,233.74,762
2026-04-27 14:40:00,233.74,234.5,233.51,234.5,6149
2026-04-27 14:45:00,234.5,234.79,234.22,234.63,1867
2026-04-27 14:50:00,234.63,235.0,234.43,234.51,3328
2026-04-27 14:55:00,234.51,234.98,234.46,234.74,1268
2026-04-27 15:00:00,234.74,234.74,233.5,234.44,3413
2026-04-27 15:05:00,234.44,236.6,234.44,236.27,13944
2026-04-27 15:10:00,236.2,236.66,235.17,235.2,5604
2026-04-27 15:15:00,235.21,235.34,235.05,235.05,2154
2026-04-27 15:20:00,235.05,235.33,235.05,235.32,2108
2026-04-27 15:25:00,235.32,236.5,233.45,236.23,14003
2026-04-28 09:15:00,235.0,237.81,234.0,234.67,14437
2026-04-28 09:20:00,234.67,234.67,233.35,233.72,2574
2026-04-28 09:25:00,233.72,234.54,233.72,234.54,212
2026-04-28 09:30:00,234.5,234.5,233.42,233.42,2424
2026-04-28 09:35:00,233.42,233.42,233.0,233.3,281
2026-04-28 09:40:00,233.3,234.16,233.03,233.78,1027
2026-04-28 09:45:00,233.56,235.75,233.56,235.54,3526
2026-04-28 09:50:00,235.54,235.75,235.1,235.1,4597
2026-04-28 09:55:00,235.1,235.68,235.1,235.44,2471
2026-04-28 10:00:00,235.44,235.56,235.13,235.16,428
2026-04-28 10:05:00,235.16,235.16,234.58,235.0,535
2026-04-28 10:10:00,235.0,235.0,234.5,234.77,613
2026-04-28 10:15:00,234.77,234.89,234.02,234.49,3644
2026-04-28 10:20:00,234.18,234.51,234.16,234.49,159
2026-04-28 10:25:00,234.49,234.49,234.15,234.15,101
2026-04-28 10:30:00,234.15,234.16,234.0,234.0,478
2026-04-28 10:35:00,234.0,234.19,234.0,234.0,385
2026-04-28 10:40:00,234.0,234.0,233.61,233.97,154
2026-04-28 10:45:00,233.97,233.97,233.61,233.61,255
2026-04-28 10:50:00,233.61,233.7,233.55,233.7,1309
2026-04-28 10:55:00,233.7,233.86,233.57,233.58,1151
2026-04-28 11:00:00,233.58,233.59,233.58,233.59,3
2026-04-28 11:05:00,233.56,233.85,233.55,233.55,502
2026-04-28 11:10:00,233.55,233.9,233.55,233.9,124
2026-04-28 11:15:00,233.9,233.9,233.5,233.5,369
2026-04-28 11:20:00,233.5,233.59,233.23,233.23,238
2026-04-28 11:25:00,233.23,233.27,232.31,232.31,3458
2026-04-28 11:30:00,232.31,232.94,232.31,232.94,384
2026-04-28 11:35:00,232.94,232.94,232.93,232.93,60
2026-04-28 11:40:00,232.93,232.93,232.64,232.65,119
2026-04-28 11:45:00,232.65,232.67,232.62,232.62,703
2026-04-28 11:50:00,232.62,232.79,232.62,232.69,621
2026-04-28 11:55:00,232.69,232.96,232.3,232.73,2213
2026-04-28 12:00:00,232.73,232.73,231.64,231.95,4234
2026-04-28 12:05:00,231.95,232.27,231.95,231.95,448
2026-04-28 12:10:00,231.95,231.95,231.64,231.65,285
2026-04-28 12:15:00,231.65,231.91,231.65,231.71,400
2026-04-28 12:20:00,231.71,232.08,231.67,231.93,753
2026-04-28 12:25:00,231.93,232.05,231.73,231.73,467
2026-04-28 12:30:00,231.73,231.73,231.61,231.61,360
2026-04-28 12:35:00,231.61,231.94,231.61,231.61,131
2026-04-28 12:40:00,231.61,232.31,231.61,232.31,1146
2026-04-28 12:45:00,232.31,232.35,232.04,232.04,217
2026-04-28 12:50:00,232.04,232.28,232.04,232.28,10
2026-04-28 12:55:00,232.28,233.07,232.28,232.73,3412
2026-04-28 13:00:00,232.73,232.73,232.63,232.63,164
2026-04-28 13:05:00,232.63,232.73,232.2,232.73,3000
2026-04-28 13:10:00,232.73,232.73,232.0,232.3,5066
2026-04-28 13:15:00,232.3,232.54,232.3,232.4,11
2026-04-28 13:20:00,232.4,232.4,232.37,232.37,3
2026-04-28 13:25:00,232.37,232.83,232.37,232.83,1370
2026-04-28 13:30:00,232.83,233.16,232.73,232.73,155
2026-04-28 13:35:00,232.73,232.93,232.48,232.93,123
2026-04-28 13:40:00,232.57,232.7,232.38,232.7,282
2026-04-28 13:45:00,232.7,232.7,232.7,232.7,7
2026-04-28 13:50:00,232.7,232.7,232.5,232.5,91
2026-04-28 13:55:00,232.5,233.18,232.5,233.18,123
2026-04-28 14:00:00,233.17,233.17,232.85,232.86,36
2026-04-28 14:05:00,232.86,233.3,232.86,233.0,755
2026-04-28 14:10:00,233.0,233.36,233.0,233.0,1209
2026-04-28 14:15:00,233.0,233.59,233.0,233.4,1554
2026-04-28 14:20:00,233.4,233.4,233.0,233.03,8145
2026-04-28 14:25:00,233.03,233.21,233.0,233.0,153
2026-04-28 14:30:00,233.0,233.21,232.75,233.04,2833
2026-04-28 14:35:00,233.04,233.04,232.75,232.76,465
2026-04-28 14:40:00,232.76,232.96,232.75,232.75,675
2026-04-28 14:45:00,232.75,233.23,232.75,233.0,3318
2026-04-28 14:50:00,233.0,235.1,233.0,234.43,12994
2026-04-28 14:55:00,234.43,234.69,233.58,233.85,7957
2026-04-28 15:00:00,233.85,234.06,233.0,233.0,4776
2026-04-28 15:05:00,233.0,233.21,232.35,232.35,2664
2026-04-28 15:10:00,232.35,232.51,231.82,231.85,4875
2026-04-28 15:15:00,231.86,231.98,231.55,231.7,3343
2026-04-28 15:20:00,231.55,232.0,231.37,231.66,4599
2026-04-28 15:25:00,231.68,233.03,231.68,233.03,3991
2026-04-29 09:15:00,234.87,234.87,232.81,232.89,2156
2026-04-29 09:20:00,232.89,232.89,231.21,231.73,1405
2026-04-29 09:25:00,231.73,232.72,231.73,231.94,1177
2026-04-29 09:30:00,231.94,232.57,231.65,231.65,1081
2026-04-29 09:35:00,231.65,231.65,229.32,230.03,3958
2026-04-29 09:40:00,230.03,230.79,230.0,230.75,1115
2026-04-29 09:45:00,230.75,230.75,230.0,230.12,1451
2026-04-29 09:50:00,230.12,230.58,229.8,229.92,1447
2026-04-29 09:55:00,229.92,229.92,229.5,229.85,860
2026-04-29 10:00:00,229.79,230.19,229.47,229.9,1621
2026-04-29 10:05:00,229.9,229.99,229.7,229.7,289
2026-04-29 10:10:00,229.7,229.7,229.16,229.17,2361
2026-04-29 10:15:00,229.17,229.9,229.17,229.9,520
2026-04-29 10:20:00,229.9,229.98,229.5,229.65,1210
2026-04-29 10:25:00,229.65,230.0,229.5,230.0,1552
2026-04-29 10:30:00,229.85,229.93,228.76,229.14,5977
2026-04-29 10:35:00,229.14,229.23,229.14,229.15,221
2026-04-29 10:40:00,229.15,229.3,228.84,229.25,627
2026-04-29 10:45:00,229.28,229.28,228.85,229.01,275
2026-04-29 10:50:00,229.0,229.32,228.89,229.14,1268
2026-04-29 10:55:00,229.14,229.5,229.0,229.1,2930
2026-04-29 11:00:00,229.1,229.39,229.06,229.07,738
2026-04-29 11:05:00,229.07,229.31,229.0,229.01,356
2026-04-29 11:10:00,229.01,229.48,229.0,229.0,3001
2026-04-29 11:15:00,229.0,229.34,229.0,229.0,1638
2026-04-29 11:20:00,229.0,229.5,228.85,229.04,3054
2026-04-29 11:25:00,229.04,230.48,229.04,230.18,6384
2026-04-29 11:30:00,230.18,230.82,230.0,230.42,3678
2026-04-29 11:35:00,230.42,230.5,230.15,230.19,950
2026-04-29 11:40:00,230.19,230.26,230.0,230.02,4791
2026-04-29 11:45:00,230.02,230.02,228.85,228.85,13290
2026-04-29 11:50:00,229.0,229.49,228.85,229.0,2779
2026-04-29 11:55:00,229.01,229.59,229.01,229.05,719
2026-04-29 12:00:00,229.05,229.96,229.05,229.45,9468
2026-04-29 12:05:00,229.47,229.53,229.41,229.53,40
2026-04-29 12:10:00,229.53,230.04,229.41,229.53,9838
2026-04-29 12:15:00,229.53,230.1,229.51,229.56,1489
2026-04-29 12:20:00,229.56,230.06,229.5,229.74,1833
2026-04-29 12:25:00,230.23,230.45,229.71,229.97,974
2026-04-29 12:30:00,229.97,230.4,229.97,230.06,1319
2026-04-29 12:35:00,230.06,230.32,229.41,229.41,5508
2026-04-29 12:40:00,229.41,229.81,229.0,229.0,2442
2026-04-29 12:45:00,229.0,229.23,228.62,229.0,2518
2026-04-29 12:50:00,229.0,229.45,229.0,229.45,8389
2026-04-29 12:55:00,229.45,229.45,228.81,228.81,938
2026-04-29 13:00:00,228.81,229.0,228.81,228.9,242
2026-04-29 13:05:00,228.9,229.0,228.64,228.64,392
2026-04-29 13:10:00,228.64,229.26,228.64,228.74,558
2026-04-29 13:15:00,228.74,228.77,228.21,228.21,2459
2026-04-29 13:20:00,228.21,228.5,228.21,228.41,109
2026-04-29 13:25:00,228.41,228.5,228.36,228.45,1041
2026-04-29 13:30:00,228.45,228.45,228.13,228.36,131
2026-04-29 13:35:00,228.36,228.38,227.61,227.61,2516
2026-04-29 13:40:00,227.86,228.06,227.71,227.95,642
2026-04-29 13:45:00,227.95,227.95,227.46,227.46,1498
2026-04-29 13:50:00,227.46,227.89,227.0,227.28,5144
2026-04-29 13:55:00,227.28,227.28,227.01,227.15,119
2026-04-29 14:00:00,227.1,227.15,226.84,226.84,1138
2026-04-29 14:05:00,226.84,226.85,226.84,226.85,114
2026-04-29 14:10:00,226.85,226.99,226.5,226.74,1174
2026-04-29 14:15:00,226.69,226.69,226.06,226.06,1839
2026-04-29 14:20:00,226.1,226.76,225.77,226.08,3639
2026-04-29 14:25:00,226.08,226.59,226.08,226.16,2738
2026-04-29 14:30:00,226.16,226.63,226.01,226.06,6819
2026-04-29 14:35:00,226.35,226.49,226.05,226.12,3171
2026-04-29 14:40:00,226.1,226.89,226.07,226.37,3044
2026-04-29 14:45:00,226.36,226.36,226.05,226.05,3527
2026-04-29 14:50:00,226.48,226.54,226.05,226.05,4235
2026-04-29 14:55:00,226.41,226.54,226.0,226.29,3942
2026-04-29 15:00:00,226.29,226.57,226.05,226.05,3784
2026-04-29 15:05:00,226.05,227.48,226.0,227.48,8707
2026-04-29 15:10:00,227.48,227.48,226.0,226.88,4033
2026-04-29 15:15:00,226.88,226.88,226.16,226.22,5387
2026-04-29 15:20:00,226.74,227.21,226.07,226.72,6784
2026-04-29 15:25:00,226.5,227.17,226.05,226.05,6113
2026-04-30 09:15:00,226.58,226.59,224.0,224.5,3890
2026-04-30 09:20:00,224.5,224.97,223.54,223.88,3071
2026-04-30 09:25:00,223.88,224.84,223.84,224.51,1546
2026-04-30 09:30:00,224.51,224.78,224.0,224.68,1778
2026-04-30 09:35:00,224.68,225.35,224.1,224.1,67
2026-04-30 09:40:00,224.1,225.34,224.05,225.34,542
2026-04-30 09:45:00,225.34,225.34,224.85,224.89,379
2026-04-30 09:50:00,224.89,224.93,224.24,224.24,1019
2026-04-30 09:55:00,224.24,224.69,224.24,224.69,297
2026-04-30 10:00:00,224.69,224.69,224.06,224.06,289
2026-04-30 10:05:00,224.06,224.06,224.0,224.0,1370
2026-04-30 10:10:00,224.0,224.28,224.0,224.2,443
2026-04-30 10:15:00,224.17,224.18,223.75,223.89,1205
2026-04-30 10:20:00,224.0,224.29,223.97,223.98,146
2026-04-30 10:25:00,223.98,224.0,223.5,224.0,1565
2026-04-30 10:30:00,223.99,223.99,223.53,223.53,493
2026-04-30 10:35:00,223.53,224.13,223.53,223.91,1701
2026-04-30 10:40:00,223.91,224.45,223.91,224.45,250
2026-04-30 10:45:00,224.45,224.5,224.35,224.43,148
2026-04-30 10:50:00,224.43,224.79,224.41,224.79,749
2026-04-30 10:55:00,224.37,224.37,224.37,224.37,39
2026-04-30 11:00:00,224.37,224.79,223.87,224.79,1782
2026-04-30 11:05:00,224.79,224.79,224.21,224.74,581
2026-04-30 11:10:00,224.74,224.74,224.11,224.11,655
2026-04-30 11:15:00,224.11,224.74,224.11,224.21,1068
2026-04-30 11:20:00,224.21,224.63,224.11,224.47,511
2026-04-30 11:25:00,224.47,224.49,224.42,224.42,201
2026-04-30 11:30:00,224.42,224.45,224.42,224.45,15
2026-04-30 11:35:00,224.45,224.45,224.26,224.29,1154
2026-04-30 11:40:00,224.29,224.65,224.29,224.5,62
2026-04-30 11:45:00,224.5,224.5,224.24,224.3,434
2026-04-30 11:50:00,224.3,224.3,223.92,223.99,328
2026-04-30 11:55:00,223.99,223.99,223.53,223.58,569
2026-04-30 12:00:00,223.58,223.98,223.58,223.98,57
2026-04-30 12:05:00,223.98,224.27,223.86,223.86,113
2026-04-30 12:10:00,223.86,224.09,223.72,223.72,198
2026-04-30 12:15:00,224.13,224.4,223.92,223.92,226
2026-04-30 12:20:00,223.92,224.56,223.92,224.56,156
2026-04-30 12:25:00,224.56,224.56,224.26,224.26,85
2026-04-30 12:30:00,224.26,224.26,224.0,224.0,404
2026-04-30 12:35:00,224.0,224.39,224.0,224.39,275
2026-04-30 12:40:00,224.39,224.39,224.09,224.38,8
2026-04-30 12:45:00,224.38,224.74,224.12,224.74,77
2026-04-30 12:50:00,224.74,224.79,224.36,224.79,217
2026-04-30 12:55:00,224.79,225.02,224.67,224.82,723
2026-04-30 13:00:00,224.82,225.02,224.82,225.02,1
2026-04-30 13:05:00,225.02,225.02,224.82,224.82,44
2026-04-30 13:10:00,224.82,224.97,224.63,224.64,400
2026-04-30 13:15:00,224.64,225.0,224.61,224.64,2389
2026-04-30 13:20:00,224.64,224.86,224.57,224.57,4
2026-04-30 13:25:00,224.57,225.0,224.57,225.0,1156
2026-04-30 13:30:00,225.0,225.12,225.0,225.0,11
2026-04-30 13:35:00,225.0,225.0,224.86,224.95,251
2026-04-30 13:40:00,224.95,225.61,224.95,225.31,965
2026-04-30 13:45:00,225.31,225.68,225.31,225.68,62
2026-04-30 13:50:00,225.68,225.68,225.2,225.2,127
2026-04-30 13:55:00,225.2,225.47,225.2,225.47,403
2026-04-30 14:00:00,225.47,225.6,225.47,225.58,169
2026-04-30 14:05:00,225.58,225.58,225.26,225.26,104
2026-04-30 14:10:00,225.26,225.43,225.26,225.43,500
2026-04-30 14:15:00,225.43,225.43,224.85,224.85,89
2026-04-30 14:20:00,224.85,224.9,224.85,224.9,26
2026-04-30 14:25:00,224.9,224.99,224.9,224.96,14
2026-04-30 14:30:00,224.96,224.99,224.96,224.99,49
2026-04-30 14:35:00,224.99,225.76,224.99,225.6,326
2026-04-30 14:40:00,225.6,229.49,225.42,228.5,7847
2026-04-30 14:45:00,228.5,229.75,228.0,229.53,8122
2026-04-30 14:50:00,229.09,230.87,228.68,230.0,12696
2026-04-30 14:55:00,230.0,230.48,230.0,230.48,3512
2026-04-30 15:00:00,230.48,230.49,230.0,230.04,1656
2026-04-30 15:05:00,230.04,230.19,230.0,230.1,1346
2026-04-30 15:10:00,230.0,232.0,230.0,230.84,7386
2026-04-30 15:15:00,230.84,231.2,228.1,229.92,9365
2026-04-30 15:20:00,229.92,229.92,228.13,229.53,5375
2026-04-30 15:25:00,229.69,231.5,229.54,230.0,5403
2026-05-04 09:15:00,232.85,234.7,230.27,230.95,12625
2026-05-04 09:20:00,230.95,231.99,230.65,230.65,4994
2026-05-04 09:25:00,230.65,231.7,230.55,230.88,2804
2026-05-04 09:30:00,230.88,232.0,230.0,230.77,12055
2026-05-04 09:35:00,230.77,231.0,229.85,230.2,4053
2026-05-04 09:40:00,230.2,230.73,230.2,230.54,3976
2026-05-04 09:45:00,230.54,230.99,230.34,230.63,4179
2026-05-04 09:50:00,230.63,239.5,230.63,236.71,148975
2026-05-04 09:55:00,236.71,238.56,236.6,237.01,20887
2026-05-04 10:00:00,237.02,237.77,236.51,236.51,20526
2026-05-04 10:05:00,236.51,238.23,236.51,237.13,18566
2026-05-04 10:10:00,237.13,238.0,236.2,236.2,7118
2026-05-04 10:15:00,236.2,236.2,235.46,235.74,13754
2026-05-04 10:20:00,235.73,236.0,235.29,235.74,3029
2026-05-04 10:25:00,235.74,237.49,235.5,237.35,10276
2026-05-04 10:30:00,237.35,237.67,236.99,237.33,5648
2026-05-04 10:35:00,237.32,237.65,236.7,237.65,2402
2026-05-04 10:40:00,237.65,237.65,237.12,237.37,1983
2026-05-04 10:45:00,237.37,239.9,237.0,239.28,31113
2026-05-04 10:50:00,239.28,239.8,238.08,238.74,23774
2026-05-04 10:55:00,238.74,238.74,237.5,238.05,9889
2026-05-04 11:00:00,238.0,238.53,237.5,238.4,4194
2026-05-04 11:05:00,238.4,238.4,237.72,238.36,1249
2026-05-04 11:10:00,238.0,238.8,238.0,238.71,4399
2026-05-04 11:15:00,238.15,239.0,238.03,238.85,5579
2026-05-04 11:20:00,238.84,239.79,238.47,239.5,8407
2026-05-04 11:25:00,239.5,239.8,238.7,239.55,7347
2026-05-04 11:30:00,239.55,239.8,239.0,239.5,6758
2026-05-04 11:35:00,239.8,241.0,239.27,239.5,32286
2026-05-04 11:40:00,239.65,240.25,239.44,239.7,5209
2026-05-04 11:45:00,239.7,242.0,239.01,241.25,35305
2026-05-04 11:50:00,242.1,242.35,240.33,240.81,8873
2026-05-04 11:55:00,240.81,241.0,240.3,240.39,1872
2026-05-04 12:00:00,240.39,241.25,240.27,241.25,4626
2026-05-04 12:05:00,241.25,241.49,239.22,239.22,6641
2026-05-04 12:10:00,239.22,239.59,239.0,239.15,5613
2026-05-04 12:15:00,239.54,239.54,239.0,239.51,13364
2026-05-04 12:20:00,239.51,241.11,239.26,240.49,18768
2026-05-04 12:25:00,240.49,240.78,238.75,239.56,11510
2026-05-04 12:30:00,239.5,239.5,238.91,239.4,2260
2026-05-04 12:35:00,239.4,239.4,238.52,239.17,2973
2026-05-04 12:40:00,239.17,240.13,238.6,240.05,4803
2026-05-04 12:45:00,240.05,240.05,238.65,238.65,1360
2026-05-04 12:50:00,238.65,239.4,238.65,239.08,3369
2026-05-04 12:55:00,239.08,239.4,239.0,239.28,408
2026-05-04 13:00:00,239.28,239.28,238.98,239.0,151
2026-05-04 13:05:00,239.0,239.07,238.65,238.86,802
2026-05-04 13:10:00,239.0,239.08,238.67,238.75,256
2026-05-04 13:15:00,238.75,239.0,238.51,238.55,1797
2026-05-04 13:20:00,238.67,238.94,238.42,238.42,2665
2026-05-04 13:25:00,238.42,238.74,237.9,238.0,5399
2026-05-04 13:30:00,238.0,238.33,237.9,237.95,1672
2026-05-04 13:35:00,237.95,238.23,237.49,238.23,3864
2026-05-04 13:40:00,238.33,239.13,238.33,238.6,2046
2026-05-04 13:45:00,238.6,239.07,238.6,238.68,400
2026-05-04 13:50:00,238.68,238.69,238.6,238.61,303
2026-05-04 13:55:00,238.61,238.65,238.11,238.22,187
2026-05-04 14:00:00,238.22,238.56,238.22,238.28,225
2026-05-04 14:05:00,238.28,238.45,238.25,238.27,1255
2026-05-04 14:10:00,238.27,239.0,238.27,238.72,668
2026-05-04 14:15:00,238.72,239.27,238.7,238.89,3142
2026-05-04 14:20:00,238.89,239.39,238.5,238.5,5477
2026-05-04 14:25:00,238.5,238.6,238.25,238.26,292
2026-05-04 14:30:00,238.26,238.65,238.23,238.65,1133
2026-05-04 14:35:00,238.65,238.9,238.18,238.4,5630
2026-05-04 14:40:00,238.4,238.49,237.91,238.49,3437
2026-05-04 14:45:00,238.49,238.49,237.89,238.49,2122
2026-05-04 14:50:00,238.49,238.49,238.2,238.49,2096
2026-05-04 14:55:00,238.49,238.49,238.0,238.05,1466
2026-05-04 15:00:00,238.39,238.4,238.0,238.4,2309
2026-05-04 15:05:00,238.4,238.55,238.07,238.5,1989
2026-05-04 15:10:00,238.5,239.19,237.61,238.16,7974
2026-05-04 15:15:00,238.16,238.42,237.55,237.9,13886
2026-05-04 15:20:00,237.76,238.29,237.51,238.23,11548
2026-05-04 15:25:00,238.23,240.0,238.05,240.0,12018
2026-05-05 09:15:00,242.98,242.98,236.41,237.57,17835
2026-05-05 09:20:00,237.47,237.47,234.41,235.38,8120
2026-05-05 09:25:00,235.38,235.79,234.65,234.73,6889
2026-05-05 09:30:00,234.72,236.8,234.5,236.43,11691
2026-05-05 09:35:00,236.43,236.59,236.0,236.0,2864
2026-05-05 09:40:00,236.01,236.59,236.01,236.57,1792
2026-05-05 09:45:00,236.57,236.57,235.9,236.23,500
2026-05-05 09:50:00,236.23,236.41,235.8,235.81,3185
2026-05-05 09:55:00,235.81,235.81,235.46,235.7,961
2026-05-05 10:00:00,235.7,235.7,234.87,235.59,4072
2026-05-05 10:05:00,235.59,235.7,234.56,234.87,2445
2026-05-05 10:10:00,234.87,234.93,234.53,234.61,586
2026-05-05 10:15:00,234.61,234.89,233.81,233.85,2146
2026-05-05 10:20:00,233.85,234.59,233.85,234.59,130
2026-05-05 10:25:00,234.59,234.59,234.0,234.02,255
2026-05-05 10:30:00,234.02,234.36,234.0,234.36,658
2026-05-05 10:35:00,234.36,234.39,233.5,233.68,10351
2026-05-05 10:40:00,233.68,234.07,233.68,233.77,278
2026-05-05 10:45:00,233.73,233.99,232.61,233.76,9088
2026-05-05 10:50:00,233.76,233.76,233.05,233.34,213
2026-05-05 10:55:00,233.34,233.34,233.06,233.25,520
2026-05-05 11:00:00,233.26,233.61,233.05,233.61,469
2026-05-05 11:05:00,233.61,233.88,233.45,233.75,214
2026-05-05 11:10:00,233.75,233.75,233.75,233.75,615
2026-05-05 11:15:00,233.75,233.75,233.26,233.26,321
2026-05-05 11:20:00,233.26,233.26,233.02,233.19,402
2026-05-05 11:25:00,233.19,233.33,233.02,233.02,320
2026-05-05 11:30:00,233.02,233.31,233.02,233.31,20
2026-05-05 11:35:00,233.31,233.35,231.32,232.04,3533
2026-05-05 11:40:00,232.04,232.48,231.8,232.48,6986
2026-05-05 11:45:00,232.48,232.5,231.85,232.41,722
2026-05-05 11:50:00,232.41,233.92,232.37,233.4,32662
2026-05-05 11:55:00,233.4,233.4,232.94,233.18,153
2026-05-05 12:00:00,233.18,233.37,232.77,233.35,407
2026-05-05 12:05:00,233.35,233.46,233.05,233.38,143
2026-05-05 12:10:00,233.38,233.42,232.0,232.37,1865
2026-05-05 12:15:00,232.37,233.44,232.37,233.43,1655
2026-05-05 12:20:00,233.43,233.44,232.84,232.84,410
2026-05-05 12:25:00,232.84,233.22,232.14,232.14,1690
2026-05-05 12:30:00,232.14,232.51,231.71,231.71,1005
2026-05-05 12:35:00,231.71,232.39,231.71,232.31,793
2026-05-05 12:40:00,232.31,232.39,232.02,232.37,1212
2026-05-05 12:45:00,232.37,232.69,232.37,232.69,1418
2026-05-05 12:50:00,232.69,232.69,232.59,232.66,1135
2026-05-05 12:55:00,232.66,234.92,232.66,234.04,14385
2026-05-05 13:00:00,234.04,234.59,234.0,234.34,3735
2026-05-05 13:05:00,234.34,234.36,233.7,234.11,1140
2026-05-05 13:10:00,234.11,234.13,233.64,234.02,266
2026-05-05 13:15:00,234.02,234.02,233.6,233.94,232
2026-05-05 13:20:00,233.2,233.72,233.2,233.72,3366
2026-05-05 13:25:00,233.72,234.1,233.72,234.07,181
2026-05-05 13:30:00,234.07,234.12,233.42,233.42,181
2026-05-05 13:35:00,233.42,233.94,233.42,233.81,620
2026-05-05 13:40:00,233.81,234.08,233.61,234.02,137
2026-05-05 13:45:00,234.02,234.15,233.77,234.05,245
2026-05-05 13:50:00,234.05,234.25,233.96,234.08,1638
2026-05-05 13:55:00,234.08,234.19,233.7,233.7,191
2026-05-05 14:00:00,233.7,234.27,233.68,233.86,3125
2026-05-05 14:05:00,233.86,234.24,233.63,233.77,1056
2026-05-05 14:10:00,233.77,234.97,233.77,234.57,2987
2026-05-05 14:15:00,234.57,235.09,234.5,234.74,2294
2026-05-05 14:20:00,234.74,235.54,234.74,235.54,1639
2026-05-05 14:25:00,235.54,235.54,234.82,235.33,1208
2026-05-05 14:30:00,235.62,235.72,234.86,235.01,3084
2026-05-05 14:35:00,235.01,235.46,234.92,235.0,2223
2026-05-05 14:40:00,235.0,235.47,234.5,235.11,6461
2026-05-05 14:45:00,235.11,235.5,234.52,235.17,2366
2026-05-05 14:50:00,235.17,235.5,235.0,235.2,2014
2026-05-05 14:55:00,235.2,235.5,235.2,235.21,1906
2026-05-05 15:00:00,235.0,235.0,234.2,234.47,1544
2026-05-05 15:05:00,234.47,234.5,233.82,234.49,3203
2026-05-05 15:10:00,234.49,234.49,233.2,233.96,7005
2026-05-05 15:15:00,233.96,234.9,233.64,234.23,9611
2026-05-05 15:20:00,234.84,235.25,234.09,234.68,9213
2026-05-05 15:25:00,234.68,234.97,234.02,234.02,2623
2026-05-06 09:15:00,237.8,237.8,234.61,235.14,3520
2026-05-06 09:20:00,235.14,235.62,234.85,235.58,3604
2026-05-06 09:25:00,235.16,236.0,235.0,235.56,1859
2026-05-06 09:30:00,235.56,235.99,235.16,235.66,2183
2026-05-06 09:35:00,235.52,235.68,235.0,235.0,3746
2026-05-06 09:40:00,235.0,235.18,234.38,234.5,3038
2026-05-06 09:45:00,234.5,234.92,234.47,234.47,444
2026-05-06 09:50:00,234.47,235.38,234.47,234.63,1533
2026-05-06 09:55:00,234.63,235.34,234.47,234.47,3658
2026-05-06 10:00:00,234.47,234.99,234.47,234.99,1123
2026-05-06 10:05:00,234.97,234.97,234.16,234.66,759
2026-05-06 10:10:00,234.66,234.66,234.29,234.29,110
2026-05-06 10:15:00,234.29,234.79,234.29,234.7,201
2026-05-06 10:20:00,234.7,235.15,234.7,235.15,1049
2026-05-06 10:25:00,235.15,235.92,235.15,235.57,1966
2026-05-06 10:30:00,234.0,234.58,233.99,234.49,8013
2026-05-06 10:35:00,234.49,234.49,233.6,233.99,889
2026-05-06 10:40:00,233.99,233.99,232.11,232.99,9384
2026-05-06 10:45:00,232.99,233.24,232.53,232.53,1564
2026-05-06 10:50:00,232.53,233.03,232.53,232.62,413
2026-05-06 10:55:00,232.62,232.93,232.46,232.51,286
2026-05-06 11:00:00,232.51,232.73,231.01,231.22,6019
2026-05-06 11:05:00,231.15,231.99,231.11,231.32,3434
2026-05-06 11:10:00,231.32,232.0,231.32,231.65,1380
2026-05-06 11:15:00,231.64,232.19,231.64,231.83,1787
2026-05-06 11:20:00,231.73,232.08,231.48,231.58,755
2026-05-06 11:25:00,231.58,232.3,231.53,232.25,1311
2026-05-06 11:30:00,231.93,232.42,231.72,231.96,1339
2026-05-06 11:35:00,231.97,232.19,231.45,231.45,5969
2026-05-06 11:40:00,231.45,233.45,231.45,233.45,4633
2026-05-06 11:45:00,233.45,234.41,233.45,234.26,2209
2026-05-06 11:50:00,234.66,234.87,234.22,234.53,1873
2026-05-06 11:55:00,234.53,234.73,234.35,234.67,1525
2026-05-06 12:00:00,234.5,234.5,234.3,234.48,193
2026-05-06 12:05:00,234.48,234.48,233.82,233.95,3184
2026-05-06 12:10:00,233.95,234.32,233.63,234.04,564
2026-05-06 12:15:00,234.04,234.07,234.03,234.05,580
2026-05-06 12:20:00,234.05,234.05,232.7,232.7,3189
2026-05-06 12:25:00,232.7,232.99,232.7,232.97,691
2026-05-06 12:30:00,232.97,232.97,232.7,232.93,332
2026-05-06 12:35:00,232.93,232.93,232.5,232.5,231
2026-05-06 12:40:00,232.5,232.5,232.27,232.49,201
2026-05-06 12:45:00,232.49,232.49,232.0,232.4,1023
2026-05-06 12:50:00,232.4,232.4,232.14,232.4,690
2026-05-06 12:55:00,232.4,232.45,232.17,232.45,1358
2026-05-06 13:00:00,232.45,232.45,232.41,232.45,182
2026-05-06 13:05:00,232.45,233.1,232.44,232.97,234
2026-05-06 13:10:00,232.97,233.09,232.47,232.96,383
2026-05-06 13:15:00,232.96,233.1,232.41,233.1,386
2026-05-06 13:20:00,233.1,233.1,233.04,233.1,2810
2026-05-06 13:25:00,233.1,233.1,232.79,233.1,185
2026-05-06 13:30:00,233.1,233.1,233.07,233.07,210
2026-05-06 13:35:00,233.07,233.07,232.85,233.0,242
2026-05-06 13:40:00,233.0,233.0,232.46,232.71,982
2026-05-06 13:45:00,232.71,233.0,232.46,233.0,1387
2026-05-06 13:50:00,233.0,233.0,232.71,232.97,268
2026-05-06 13:55:00,232.97,232.99,232.64,232.64,243
2026-05-06 14:00:00,232.64,232.8,232.05,232.75,859
2026-05-06 14:05:00,232.75,232.84,232.24,232.29,693
2026-05-06 14:10:00,232.29,232.94,232.29,232.41,389
2026-05-06 14:15:00,232.75,232.98,232.23,232.73,1044
2026-05-06 14:20:00,232.73,235.65,232.56,235.11,57275
2026-05-06 14:25:00,235.11,235.38,234.91,234.92,2989
2026-05-06 14:30:00,234.92,235.08,234.36,234.38,594
2026-05-06 14:35:00,234.38,234.93,234.38,234.38,823
2026-05-06 14:40:00,234.38,235.06,234.38,235.03,3710
2026-05-06 14:45:00,235.03,235.79,234.62,235.49,2207
2026-05-06 14:50:00,235.49,235.49,234.56,235.14,1253
2026-05-06 14:55:00,234.71,235.24,234.5,234.95,1575
2026-05-06 15:00:00,234.95,235.27,234.53,234.7,2397
2026-05-06 15:05:00,234.7,235.27,234.7,235.25,944
2026-05-06 15:10:00,235.25,235.25,234.36,234.87,2627
2026-05-06 15:15:00,234.87,234.99,234.01,234.45,3161
2026-05-06 15:20:00,234.45,234.83,234.23,234.73,2276
2026-05-06 15:25:00,234.73,234.73,234.0,234.0,11746
2026-05-07 09:15:00,235.8,235.85,234.54,235.39,1791
2026-05-07 09:20:00,235.39,235.45,234.7,234.7,1406
2026-05-07 09:25:00,234.7,235.21,234.43,235.01,2404
2026-05-07 09:30:00,235.01,235.91,235.01,235.62,1571
2026-05-07 09:35:00,235.62,235.96,235.6,235.92,558
2026-05-07 09:40:00,235.47,236.33,235.47,235.82,5463
2026-05-07 09:45:00,235.82,235.82,235.02,235.19,1778
2026-05-07 09:50:00,235.0,235.63,234.7,235.19,1625
2026-05-07 09:55:00,235.09,235.54,234.84,235.31,1107
2026-05-07 10:00:00,235.31,235.31,235.31,235.31,25
2026-05-07 10:05:00,235.31,235.41,235.31,235.41,164
2026-05-07 10:10:00,235.41,235.64,235.29,235.29,1336
2026-05-07 10:15:00,235.29,235.37,234.76,234.96,525
2026-05-07 10:20:00,234.96,234.96,234.51,234.51,397
2026-05-07 10:25:00,234.51,234.93,234.21,234.92,1393
2026-05-07 10:30:00,234.92,235.37,234.74,235.37,1410
2026-05-07 10:35:00,235.37,235.37,235.18,235.3,549
2026-05-07 10:40:00,235.3,235.36,235.0,235.01,460
2026-05-07 10:45:00,235.01,235.01,234.74,234.94,538
2026-05-07 10:50:00,234.94,235.05,234.65,234.65,2913
2026-05-07 10:55:00,234.65,234.86,234.22,234.86,1405
2026-05-07 11:00:00,234.86,234.86,234.56,234.56,240
2026-05-07 11:05:00,234.56,234.9,234.56,234.9,314
2026-05-07 11:10:00,234.9,234.9,234.61,234.86,343
2026-05-07 11:15:00,234.62,235.37,234.62,235.37,2239
2026-05-07 11:20:00,235.37,235.37,235.18,235.18,456
2026-05-07 11:25:00,235.23,235.23,235.0,235.0,416
2026-05-07 11:30:00,235.0,235.77,235.0,235.3,2181
2026-05-07 11:35:00,235.3,235.99,235.25,235.99,1624
2026-05-07 11:40:00,235.99,235.99,235.47,235.47,1212
2026-05-07 11:45:00,235.47,235.47,234.95,234.95,1248
2026-05-07 11:50:00,234.95,235.31,234.58,235.31,1014
2026-05-07 11:55:00,235.25,235.25,235.16,235.17,782
2026-05-07 12:00:00,235.0,235.25,235.0,235.03,127
2026-05-07 12:05:00,235.03,235.25,235.03,235.03,123
2026-05-07 12:10:00,235.03,235.25,235.03,235.18,9
2026-05-07 12:15:00,235.18,235.25,235.03,235.25,105
2026-05-07 12:20:00,235.25,235.25,235.03,235.04,463
2026-05-07 12:25:00,235.04,235.98,234.96,235.59,1708
2026-05-07 12:30:00,235.59,237.18,235.59,236.47,10203
2026-05-07 12:35:00,236.47,236.79,236.47,236.79,788
2026-05-07 12:40:00,236.79,236.79,236.28,236.28,1721
2026-05-07 12:45:00,236.31,236.68,236.31,236.47,875
2026-05-07 12:50:00,236.47,236.75,235.76,236.04,6488
2026-05-07 12:55:00,236.04,236.71,236.0,236.56,1902
2026-05-07 13:00:00,236.56,236.56,236.08,236.47,4174
2026-05-07 13:05:00,236.45,236.45,236.08,236.08,124
2026-05-07 13:10:00,236.08,236.47,236.08,236.47,375
2026-05-07 13:15:00,236.47,236.59,235.7,235.7,2187
2026-05-07 13:20:00,235.7,235.93,235.57,235.93,28
2026-05-07 13:25:00,235.93,236.3,235.88,236.28,275
2026-05-07 13:30:00,236.28,236.28,236.2,236.2,2
2026-05-07 13:35:00,236.2,236.35,236.03,236.1,251
2026-05-07 13:40:00,236.1,236.32,236.01,236.32,263
2026-05-07 13:45:00,236.32,236.32,236.04,236.04,28
2026-05-07 13:50:00,236.04,236.51,236.04,236.3,637
2026-05-07 13:55:00,236.3,236.3,236.1,236.1,1
2026-05-07 14:00:00,236.1,237.16,236.1,236.72,2251
2026-05-07 14:05:00,236.95,238.0,236.56,238.0,7132
2026-05-07 14:10:00,238.0,238.13,237.25,237.99,21223
2026-05-07 14:15:00,237.99,238.5,237.15,238.5,2858
2026-05-07 14:20:00,238.5,239.91,238.5,239.21,14069
2026-05-07 14:25:00,239.27,239.4,238.84,239.13,3059
2026-05-07 14:30:00,239.13,239.13,238.57,238.89,1663
2026-05-07 14:35:00,238.53,239.0,238.53,238.98,3828
2026-05-07 14:40:00,238.98,239.05,238.74,238.97,1756
2026-05-07 14:45:00,238.97,239.3,238.93,238.93,1985
2026-05-07 14:50:00,238.93,239.29,238.88,239.28,2325
2026-05-07 14:55:00,239.28,239.28,238.75,239.0,2085
2026-05-07 15:00:00,239.0,239.0,238.71,238.71,3209
2026-05-07 15:05:00,238.71,239.05,238.22,238.32,3125
2026-05-07 15:10:00,238.34,239.09,238.34,238.72,4027
2026-05-07 15:15:00,238.69,239.0,238.37,238.47,5034
2026-05-07 15:20:00,238.37,239.0,238.02,238.61,2395
2026-05-07 15:25:00,238.97,238.97,238.0,238.47,12678
2026-05-08 09:15:00,237.9,237.9,236.47,236.79,256
2026-05-08 09:20:00,236.79,239.0,236.22,237.89,12706
2026-05-08 09:25:00,237.89,238.17,237.42,238.17,233
2026-05-08 09:30:00,238.17,239.63,237.86,238.2,11412
2026-05-08 09:35:00,238.2,238.2,236.64,237.0,20653
2026-05-08 09:40:00,237.0,237.0,235.23,235.7,1281
2026-05-08 09:45:00,235.7,235.76,234.53,234.96,2353
2026-05-08 09:50:00,234.96,236.0,234.96,236.0,7172
2026-05-08 09:55:00,236.0,236.0,235.51,235.56,1084
2026-05-08 10:00:00,235.56,236.27,235.56,236.27,20512
2026-05-08 10:05:00,236.27,236.28,236.1,236.1,91
2026-05-08 10:10:00,236.1,236.37,235.72,236.37,367
2026-05-08 10:15:00,236.37,236.37,235.95,235.95,318
2026-05-08 10:20:00,235.95,236.09,235.51,236.09,214
2026-05-08 10:25:00,236.08,236.08,235.66,235.66,342
2026-05-08 10:30:00,235.66,236.0,235.66,235.98,125
2026-05-08 10:35:00,235.98,235.98,235.96,235.97,14
2026-05-08 10:40:00,235.97,236.0,235.9,236.0,100
2026-05-08 10:45:00,236.0,236.7,235.56,236.0,1861
2026-05-08 10:50:00,236.0,236.59,236.0,236.2,467
2026-05-08 10:55:00,236.2,236.4,236.16,236.4,131
2026-05-08 11:00:00,236.4,236.4,236.03,236.03,106
2026-05-08 11:05:00,236.03,236.14,235.51,235.52,2866
2026-05-08 11:10:00,235.52,236.0,235.52,236.0,401
2026-05-08 11:15:00,236.0,236.0,235.66,235.95,2813
2026-05-08 11:20:00,235.95,236.07,235.95,236.07,104
2026-05-08 11:25:00,236.07,236.07,236.07,236.07,54
2026-05-08 11:30:00,236.07,236.07,235.95,235.95,517
2026-05-08 11:35:00,235.95,236.19,235.95,236.11,285
2026-05-08 11:40:00,236.11,236.87,236.11,236.26,2534
2026-05-08 11:45:00,236.31,236.35,236.31,236.35,2
2026-05-08 11:50:00,237.0,237.45,237.0,237.44,1003
2026-05-08 11:55:00,237.44,237.51,237.05,237.51,870
2026-05-08 12:00:00,237.53,237.53,237.05,237.06,395
2026-05-08 12:05:00,237.06,237.42,237.01,237.38,331
2026-05-08 12:10:00,237.37,237.41,237.37,237.38,275
2026-05-08 12:15:00,237.45,237.45,237.38,237.43,1504
2026-05-08 12:20:00,237.52,237.57,237.38,237.43,235
2026-05-08 12:25:00,237.54,237.54,237.38,237.38,203
2026-05-08 12:30:00,237.38,237.76,237.0,237.32,3060
2026-05-08 12:35:00,237.32,237.41,237.05,237.27,1033
2026-05-08 12:40:00,237.27,237.67,237.27,237.67,82
2026-05-08 12:45:00,237.73,237.73,237.11,237.47,220
2026-05-08 12:50:00,237.48,237.54,237.17,237.19,195
2026-05-08 12:55:00,237.54,237.64,237.34,237.64,228
2026-05-08 13:00:00,237.66,237.69,237.3,237.66,1096
2026-05-08 13:05:00,237.66,237.71,237.43,237.71,273
2026-05-08 13:10:00,237.73,237.99,237.58,237.68,573
2026-05-08 13:15:00,237.71,237.86,237.52,237.86,221
2026-05-08 13:20:00,237.86,237.86,237.27,237.27,691
2026-05-08 13:25:00,237.27,237.63,237.0,237.55,5709
2026-05-08 13:30:00,237.55,237.55,237.21,237.4,313
2026-05-08 13:35:00,237.4,237.75,237.25,237.75,5983
2026-05-08 13:40:00,237.75,237.87,237.25,237.76,1173
2026-05-08 13:45:00,237.79,237.99,237.46,237.5,747
2026-05-08 13:50:00,237.8,237.8,237.35,237.74,710
2026-05-08 13:55:00,237.74,237.78,237.25,237.27,2220
2026-05-08 14:00:00,237.27,237.77,237.27,237.33,764
2026-05-08 14:05:00,237.33,237.6,237.31,237.31,206
2026-05-08 14:10:00,237.31,237.62,237.3,237.62,306
2026-05-08 14:15:00,237.62,237.62,237.26,237.47,204
2026-05-08 14:20:00,237.47,237.47,237.0,237.22,3477
2026-05-08 14:25:00,237.22,237.5,237.22,237.5,1351
2026-05-08 14:30:00,237.44,238.0,237.44,237.53,2186
2026-05-08 14:35:00,237.53,237.56,237.53,237.56,35
2026-05-08 14:40:00,237.56,238.44,237.49,238.44,4601
2026-05-08 14:45:00,238.44,238.44,237.85,238.16,374
2026-05-08 14:50:00,238.16,238.16,237.86,238.12,59
2026-05-08 14:55:00,238.12,238.16,237.8,237.81,421
2026-05-08 15:00:00,237.81,238.01,237.54,237.58,563
2026-05-08 15:05:00,237.58,237.98,237.47,237.86,1168
2026-05-08 15:10:00,237.86,238.19,237.12,237.24,4748
2026-05-08 15:15:00,237.24,237.29,236.0,236.22,17548
2026-05-08 15:20:00,236.2,236.53,235.71,235.71,8227
2026-05-08 15:25:00,235.71,237.0,235.51,237.0,15976
2026-05-11 09:15:00,235.5,235.5,232.77,233.43,2543
2026-05-11 09:20:00,232.51,232.84,232.2,232.79,3936
2026-05-11 09:25:00,233.54,233.54,231.22,231.7,12994
2026-05-11 09:30:00,231.75,232.51,231.75,232.32,4187
2026-05-11 09:35:00,232.2,232.33,230.0,230.01,3425
2026-05-11 09:40:00,230.43,231.71,229.92,230.47,9059
2026-05-11 09:45:00,230.45,230.49,229.37,229.99,5787
2026-05-11 09:50:00,229.53,229.84,229.41,229.84,597
2026-05-11 09:55:00,229.84,229.9,229.33,229.35,770
2026-05-11 10:00:00,229.16,229.97,229.1,229.89,975
2026-05-11 10:05:00,229.92,229.96,229.69,229.74,639
2026-05-11 10:10:00,229.93,230.0,229.75,230.0,1172
2026-05-11 10:15:00,229.84,230.0,229.57,229.57,457
2026-05-11 10:20:00,229.83,229.83,229.12,229.42,1579
2026-05-11 10:25:00,229.35,229.5,228.98,228.98,1606
2026-05-11 10:30:00,228.93,228.93,228.6,228.74,506
2026-05-11 10:35:00,227.64,228.27,227.5,228.18,14122
2026-05-11 10:40:00,228.0,228.0,227.93,227.93,391
2026-05-11 12:50:00,230.69,230.69,230.5,230.5,1016460
2026-05-11 12:55:00,230.69,230.69,230.6,230.67,2343230
2026-05-11 13:00:00,230.67,230.67,230.25,230.25,4915173
2026-05-11 13:05:00,230.25,230.83,230.25,230.83,1655232
2026-05-11 13:10:00,230.83,231.2,230.83,231.2,4076996
2026-05-11 13:15:00,231.2,231.2,230.74,230.74,2003988
2026-05-11 13:20:00,230.74,230.74,230.62,230.62,1162007
2026-05-11 13:25:00,230.62,230.66,230.56,230.6,2009540
2026-05-11 13:30:00,230.6,230.65,230.25,230.3,4132331
2026-05-11 13:35:00,230.32,230.69,230.28,230.66,3506104
2026-05-11 13:40:00,230.56,230.6,230.5,230.6,2025773
2026-05-11 13:45:00,230.6,230.6,230.12,230.12,3742843
2026-05-11 13:50:00,230.12,230.47,230.12,230.16,3227240
2026-05-11 13:55:00,230.33,230.37,230.33,230.37,1080432
2026-05-11 14:00:00,230.37,230.37,230.09,230.15,3892729
2026-05-11 14:05:00,230.15,230.2,230.05,230.05,2057701
2026-05-11 14:10:00,230.05,230.2,229.61,229.61,4197703
2026-05-11 14:15:00,229.61,229.87,229.5,229.55,5069851
2026-05-11 14:20:00,229.52,229.52,229.52,229.52,12
2026-05-11 14:25:00,229.66,229.67,229.41,229.41,4339372
2026-05-11 14:30:00,229.41,229.65,229.34,229.65,3332882
2026-05-11 14:35:00,229.65,229.74,229.41,229.41,4283842
2026-05-11 14:40:00,229.16,229.37,229.06,229.06,2791608
2026-05-11 14:45:00,229.06,229.98,229.06,229.33,7299755
2026-05-11 14:50:00,229.61,229.61,229.29,229.55,6590803
2026-05-11 14:55:00,229.55,229.66,229.5,229.56,90
2026-05-11 15:00:00,229.71,229.71,229.0,229.0,9742887
2026-05-11 15:05:00,229.0,229.29,228.47,228.51,10564577
2026-05-11 15:10:00,228.51,228.64,228.06,228.16,8862542
2026-05-11 15:15:00,228.16,228.74,228.15,228.2,11090295
2026-05-11 15:20:00,228.26,229.08,228.25,228.33,11801185
2026-05-11 15:25:00,228.33,228.8,228.0,228.0,10633924
2026-05-12 09:15:00,227.59,228.14,226.4,227.3,53635
2026-05-12 09:20:00,226.8,227.15,226.53,226.53,123138
2026-05-12 09:25:00,226.53,226.53,224.31,224.31,366299
2026-05-12 09:30:00,224.57,225.28,224.31,224.45,808966
2026-05-12 09:35:00,224.45,225.48,224.45,225.27,511260
2026-05-12 09:40:00,225.27,225.71,224.67,225.71,765323
2026-05-12 09:45:00,225.71,226.2,225.55,225.92,958409
2026-05-12 09:50:00,225.92,226.05,225.23,225.24,625598
2026-05-12 09:55:00,225.22,225.7,225.22,225.7,437022
2026-05-12 10:00:00,225.7,225.7,225.0,225.15,677966
2026-05-12 10:05:00,225.15,225.27,225.0,225.19,776830
2026-05-12 10:10:00,225.19,225.43,225.19,225.43,603978
2026-05-12 10:15:00,225.5,225.5,225.07,225.5,849507
2026-05-12 10:20:00,225.83,225.83,225.75,225.75,489502
2026-05-12 10:25:00,225.75,225.75,224.82,224.82,720704
2026-05-12 10:30:00,224.82,225.16,224.82,225.16,520787
2026-05-12 10:35:00,225.16,225.27,225.02,225.17,564496
2026-05-12 10:40:00,225.17,225.26,224.94,225.26,507206
2026-05-12 10:45:00,225.26,225.26,225.26,225.26,593620
2026-05-12 10:50:00,225.26,225.26,224.8,224.8,466937
2026-05-12 10:55:00,224.8,224.96,224.73,224.73,687572
2026-05-12 11:00:00,224.73,224.8,224.67,224.75,499349
2026-05-12 11:05:00,224.73,224.73,224.1,224.12,615776
2026-05-12 11:10:00,224.12,224.4,224.11,224.11,352200
2026-05-12 11:15:00,224.11,224.56,224.1,224.56,1076020
2026-05-12 11:20:00,224.56,224.63,224.23,224.41,819592
2026-05-12 11:25:00,224.41,224.41,224.41,224.41,185311
2026-05-12 11:30:00,224.41,224.41,224.2,224.34,662015
2026-05-12 11:35:00,224.35,224.55,224.34,224.49,961641
2026-05-12 11:40:00,224.49,224.86,224.42,224.86,758768
2026-05-12 11:45:00,224.86,224.87,224.42,224.42,658673
2026-05-12 11:50:00,224.41,224.41,224.2,224.2,578038
2026-05-12 11:55:00,224.2,224.53,224.2,224.53,840862
2026-05-12 12:00:00,224.53,224.6,224.12,224.23,705493
2026-05-12 12:05:00,224.23,224.23,224.15,224.15,452430
2026-05-12 12:10:00,224.15,224.15,224.12,224.12,312409
2026-05-12 12:15:00,224.12,224.41,224.1,224.39,803014
2026-05-12 12:20:00,224.55,224.74,224.39,224.39,870657
2026-05-12 12:25:00,224.17,224.43,224.12,224.12,618737
2026-05-12 12:30:00,224.12,224.12,223.3,223.54,1342234
2026-05-12 12:35:00,223.54,223.54,222.38,222.38,1739355
2026-05-12 12:50:00,223.44,223.44,222.87,223.23,1312153
2026-05-12 12:55:00,223.23,223.23,222.63,222.95,1437381
2026-05-12 13:00:00,222.95,222.99,222.75,222.76,1267866
2026-05-12 13:05:00,222.76,223.12,222.76,223.06,1046696
2026-05-12 13:10:00,222.75,222.75,222.11,222.54,1964326
2026-05-12 13:15:00,222.54,223.0,222.54,222.69,2382953
2026-05-12 13:20:00,222.69,222.89,222.6,222.6,1010206
2026-05-12 13:25:00,222.6,222.6,222.6,222.6,367573
2026-05-12 13:30:00,222.6,222.6,222.07,222.6,2437622
2026-05-12 13:35:00,222.6,222.77,222.45,222.45,2226379
2026-05-12 13:40:00,222.45,222.45,221.83,222.0,2378075
2026-05-12 13:45:00,222.0,222.23,222.0,222.2,1823514
2026-05-12 13:50:00,222.12,222.69,222.12,222.15,1645633
2026-05-12 13:55:00,222.15,222.39,222.12,222.39,1607376
2026-05-12 14:00:00,222.65,222.65,222.18,222.34,2533353
2026-05-12 14:05:00,222.34,222.34,221.31,221.48,2704688
2026-05-12 14:10:00,221.48,221.48,221.2,221.21,1706563
2026-05-12 14:15:00,221.21,221.32,220.51,220.51,3414446
2026-05-12 14:20:00,220.85,221.08,220.37,220.95,3212349
2026-05-12 14:25:00,220.95,220.95,220.31,220.67,4151600
2026-05-12 14:30:00,220.32,220.78,220.31,220.58,3943516
2026-05-12 14:35:00,220.58,220.6,220.0,220.41,3241026
2026-05-12 14:40:00,220.4,220.58,220.03,220.45,3996412
2026-05-12 14:45:00,220.2,220.44,220.2,220.39,2935635
2026-05-12 14:50:00,220.38,220.44,220.05,220.24,3460382
2026-05-12 14:55:00,220.0,220.33,220.0,220.28,3927002
2026-05-12 15:00:00,220.28,220.28,219.11,219.15,5237052
2026-05-12 15:05:00,219.15,219.55,219.1,219.1,5366589
2026-05-12 15:10:00,219.1,221.0,219.1,220.0,5713095
2026-05-12 15:15:00,220.0,221.16,218.75,219.85,6630837
2026-05-12 15:20:00,219.85,221.0,218.73,219.17,6492693
2026-05-12 15:25:00,219.17,220.49,219.17,220.0,5180329
2026-05-13 09:15:00,219.99,221.86,219.36,220.59,203867
2026-05-13 09:20:00,220.59,220.59,219.01,219.73,943843
2026-05-13 09:25:00,219.78,220.06,218.24,218.6,1773967
2026-05-13 09:30:00,218.77,219.54,218.76,218.95,952
2026-05-13 09:35:00,218.81,218.81,216.04,216.85,9099
2026-05-13 09:40:00,217.16,218.22,217.02,218.22,1572
2026-05-13 09:45:00,217.74,218.15,216.29,216.84,9917
2026-05-13 09:50:00,216.84,218.02,216.83,217.67,3127
2026-05-13 09:55:00,218.04,218.04,216.62,216.91,1903
2026-05-13 10:00:00,216.9,217.6,216.51,217.19,2339
2026-05-13 10:05:00,217.17,217.17,216.85,216.85,2527
2026-05-13 10:10:00,216.85,217.0,216.79,216.97,1274
2026-05-13 10:15:00,217.02,217.35,216.89,216.89,1702
2026-05-13 10:20:00,216.65,217.5,216.65,217.5,2400
2026-05-13 10:25:00,217.61,217.73,217.45,217.45,4772
2026-05-13 10:30:00,217.25,217.38,217.04,217.38,951
2026-05-13 10:35:00,217.38,217.39,216.82,216.82,3133
2026-05-13 10:40:00,216.8,217.23,216.8,217.23,623
2026-05-13 10:45:00,217.3,217.43,217.0,217.1,1293
2026-05-13 10:50:00,217.05,217.3,217.05,217.3,587
2026-05-13 10:55:00,217.12,217.12,216.21,216.21,2506
2026-05-13 11:00:00,216.51,218.0,216.5,218.0,4066
2026-05-13 11:05:00,217.42,217.92,217.0,217.65,3243
2026-05-13 11:10:00,217.99,218.24,217.95,218.24,444
2026-05-13 11:15:00,218.32,218.84,218.32,218.83,3809
2026-05-13 11:20:00,218.76,218.76,218.26,218.52,490
2026-05-13 11:25:00,218.83,218.83,218.5,218.69,353
2026-05-13 11:30:00,218.6,219.03,218.6,218.9,179
2026-05-13 11:35:00,218.78,219.18,218.61,218.72,492
2026-05-13 11:40:00,219.11,219.11,218.73,218.73,1018
2026-05-13 11:45:00,218.53,218.97,218.32,218.5,1112
2026-05-13 11:50:00,218.58,219.0,218.58,218.75,375
2026-05-13 11:55:00,218.57,218.74,218.5,218.5,418
2026-05-13 12:00:00,218.57,218.74,218.57,218.63,192
2026-05-13 12:05:00,218.95,219.2,218.95,219.12,1775
2026-05-13 12:10:00,219.19,219.46,218.98,219.23,426
2026-05-13 12:15:00,219.26,219.46,218.87,219.08,237
2026-05-13 12:20:00,219.13,219.13,218.93,219.12,318
2026-05-13 12:25:00,219.04,219.25,218.83,219.25,184
2026-05-13 12:30:00,219.59,219.59,219.2,219.21,650
2026-05-13 12:35:00,219.2,219.21,218.95,218.95,366
2026-05-13 12:40:00,218.84,218.95,218.5,218.77,1798
2026-05-13 12:45:00,219.07,219.07,219.07,219.07,3
2026-05-13 12:50:00,219.08,219.28,218.5,218.5,5889
2026-05-13 12:55:00,218.5,218.5,218.23,218.34,1345
2026-05-13 13:00:00,218.34,218.45,218.2,218.2,1061
2026-05-13 13:05:00,218.32,218.32,217.96,217.96,440
2026-05-13 13:10:00,217.99,217.99,217.7,217.92,5477
2026-05-13 13:15:00,217.7,217.7,217.0,217.3,2946
2026-05-13 13:20:00,217.45,217.5,217.3,217.45,531
2026-05-13 13:25:00,217.45,217.81,217.13,217.81,1695
2026-05-13 13:30:00,217.81,217.82,217.51,217.7,267
2026-05-13 13:35:00,217.58,217.81,217.51,217.66,544
2026-05-13 13:40:00,217.66,217.71,216.75,216.75,5016
2026-05-13 13:45:00,216.95,217.0,216.75,216.75,10638
2026-05-13 13:50:00,216.88,216.9,216.75,216.75,322
2026-05-13 13:55:00,216.86,217.18,216.51,216.8,3046
2026-05-13 14:00:00,216.81,216.81,216.25,216.36,4454
2026-05-13 14:05:00,216.32,216.64,216.32,216.51,543
2026-05-13 14:10:00,216.52,216.8,216.26,216.77,1136
2026-05-13 14:15:00,216.81,216.81,216.26,216.48,802
2026-05-13 14:20:00,216.4,216.74,216.26,216.35,1088
2026-05-13 14:25:00,216.5,216.5,216.25,216.37,2100
2026-05-13 14:30:00,216.3,217.0,216.25,216.75,15408
2026-05-13 14:35:00,216.97,216.99,216.5,216.68,1839
2026-05-13 14:40:00,216.32,216.57,216.25,216.44,2030
2026-05-13 14:45:00,216.4,216.85,216.25,216.64,1540
2026-05-13 14:50:00,216.65,216.83,216.5,216.78,1367
2026-05-13 14:55:00,216.82,216.9,216.6,216.81,878
2026-05-13 15:00:00,216.71,216.73,216.25,216.3,2369
2026-05-13 15:05:00,216.25,217.0,216.25,217.0,7305
2026-05-13 15:10:00,216.81,216.85,216.65,216.65,3605
2026-05-13 15:15:00,216.76,216.96,216.65,216.65,2410
2026-05-13 15:20:00,216.65,216.92,216.65,216.76,2030
2026-05-13 15:25:00,216.89,217.0,216.5,217.0,11614
2026-05-14 09:15:00,219.65,224.8,218.33,219.74,8168
2026-05-14 09:20:00,219.9,220.23,219.22,219.43,2168
2026-05-14 09:25:00,219.43,220.07,218.81,220.07,1711
2026-05-14 09:30:00,220.11,220.11,217.83,217.83,7978
2026-05-14 09:35:00,218.25,218.49,217.7,218.0,2358
2026-05-14 09:40:00,218.0,218.0,217.06,217.06,1993
2026-05-14 09:45:00,217.06,218.21,217.06,217.45,4746
2026-05-14 09:50:00,217.45,218.18,217.45,217.68,2118
2026-05-14 09:55:00,217.68,217.68,216.8,216.8,5515
2026-05-14 10:00:00,216.75,218.05,216.74,218.05,2586
2026-05-14 10:05:00,218.05,218.05,217.6,217.77,2706
2026-05-14 10:10:00,217.77,218.48,217.61,218.2,1488
2026-05-14 10:15:00,218.2,218.4,217.42,217.67,389
2026-05-14 10:20:00,217.67,217.88,217.45,217.45,182
2026-05-14 10:25:00,217.45,217.45,216.64,217.0,207
2026-05-14 10:30:00,217.12,217.12,216.99,216.99,197
2026-05-14 10:35:00,217.11,217.11,216.8,216.92,435
2026-05-14 10:40:00,216.92,217.15,216.73,216.79,486
2026-05-14 10:45:00,216.79,216.79,216.5,216.6,119
2026-05-14 10:50:00,216.6,217.39,216.51,217.3,456
2026-05-14 10:55:00,217.3,217.33,217.11,217.33,66
2026-05-14 11:00:00,217.18,217.33,217.05,217.29,268
2026-05-14 11:05:00,217.29,217.29,217.0,217.04,2182
2026-05-14 11:10:00,217.04,217.45,217.04,217.45,227
2026-05-14 11:15:00,217.45,217.94,217.45,217.61,314
2026-05-14 11:20:00,217.61,217.95,217.61,217.95,85
2026-05-14 11:25:00,217.95,217.95,217.16,217.82,593
2026-05-14 11:30:00,217.82,217.9,217.6,217.9,112
2026-05-14 11:35:00,217.9,218.62,217.9,218.09,1277
2026-05-14 11:40:00,218.09,218.49,218.08,218.21,1345
2026-05-14 11:45:00,218.21,218.72,218.21,218.58,1249
2026-05-14 11:50:00,218.58,218.93,218.52,218.75,297
2026-05-14 11:55:00,218.76,218.84,218.72,218.84,17
2026-05-14 12:00:00,218.84,218.94,218.84,218.9,151
2026-05-14 12:05:00,218.9,218.9,218.71,218.71,76
2026-05-14 12:10:00,218.51,218.51,217.1,217.37,1710
2026-05-14 12:15:00,217.37,217.69,217.14,217.69,415
2026-05-14 12:20:00,217.69,217.69,217.32,217.32,153
2026-05-14 12:25:00,217.32,217.55,215.83,215.85,16411
2026-05-14 12:30:00,215.85,217.75,214.75,217.41,59900
2026-05-14 12:35:00,217.41,217.41,217.28,217.28,59
2026-05-14 12:40:00,217.28,218.57,216.65,218.47,7679
2026-05-14 12:45:00,218.47,218.55,217.01,217.01,1049
2026-05-14 12:50:00,217.01,217.01,216.53,216.53,392
2026-05-14 12:55:00,216.53,216.53,216.01,216.21,111
2026-05-14 13:00:00,216.21,216.22,215.78,215.95,1022
2026-05-14 13:05:00,215.95,215.95,215.68,215.77,49
2026-05-14 13:10:00,215.77,216.35,215.6,215.89,1438
2026-05-14 13:15:00,215.89,216.98,215.65,216.08,2492
2026-05-14 13:20:00,216.08,216.32,216.0,216.0,698
2026-05-14 13:25:00,216.0,216.0,215.89,215.89,205
2026-05-14 13:30:00,215.89,216.37,215.75,216.0,5242
2026-05-14 13:35:00,216.0,216.01,216.0,216.0,185
2026-05-14 13:40:00,216.0,216.0,215.84,216.0,752
2026-05-14 13:45:00,216.0,216.07,215.75,215.75,1050
2026-05-14 13:50:00,215.75,215.93,215.75,215.92,519
2026-05-14 13:55:00,215.76,216.05,215.75,216.05,5518
2026-05-14 14:00:00,216.17,216.2,215.91,216.19,1104
2026-05-14 14:05:00,216.19,216.21,215.9,215.9,3733
2026-05-14 14:10:00,215.9,216.05,215.85,216.0,532
2026-05-14 14:15:00,216.0,216.0,215.87,215.9,1668
2026-05-14 14:20:00,215.9,216.05,215.75,216.0,1830
2026-05-14 14:25:00,215.85,216.04,215.85,216.02,346
2026-05-14 14:30:00,216.02,216.02,215.8,215.9,1685
2026-05-14 14:35:00,215.9,216.05,215.75,215.75,4597
2026-05-14 14:40:00,215.75,215.96,215.7,215.7,2165
2026-05-14 14:45:00,215.55,215.76,215.55,215.59,517
2026-05-14 14:50:00,215.68,215.88,215.6,215.8,961
2026-05-14 14:55:00,215.8,215.8,215.53,215.55,949
2026-05-14 15:00:00,215.5,215.52,215.5,215.5,5306413
2026-05-14 15:05:00,215.5,215.6,215.3,215.3,19157739
2026-05-14 15:10:00,215.3,215.65,215.3,215.43,19877503
2026-05-14 15:15:00,215.64,216.0,215.27,215.81,18740993
2026-05-14 15:20:00,216.01,216.01,215.5,215.76,14881057
2026-05-14 15:25:00,215.76,215.89,215.51,215.89,14475822
2026-05-15 09:15:00,216.0,216.0,214.83,215.0,31040
2026-05-15 09:20:00,215.0,215.98,215.0,215.42,85667
2026-05-15 09:25:00,215.42,216.72,215.42,215.9,178713
2026-05-15 09:30:00,215.9,216.17,215.4,215.79,346448
2026-05-15 09:35:00,215.3,215.8,215.3,215.8,261248
2026-05-15 09:40:00,215.8,216.22,215.77,216.2,343113
2026-05-15 09:45:00,216.2,216.22,215.74,215.74,684074
2026-05-15 09:50:00,215.74,216.4,215.74,216.4,449084
2026-05-15 09:55:00,217.23,217.23,216.42,216.42,464937
2026-05-15 10:00:00,216.42,216.42,215.83,216.39,1224822
2026-05-15 10:05:00,216.39,216.39,215.85,215.85,959541
2026-05-15 10:10:00,215.85,216.02,215.79,216.02,637092
2026-05-15 10:15:00,216.02,216.13,215.81,216.13,1237204
2026-05-15 10:20:00,216.13,216.32,215.98,215.98,871580
2026-05-15 10:25:00,215.98,216.38,215.97,216.38,653396
2026-05-15 10:30:00,216.4,216.4,216.0,216.02,1487772
2026-05-15 10:35:00,216.0,216.29,216.0,216.29,563105
2026-05-15 10:40:00,216.29,216.29,216.0,216.0,1099144
2026-05-15 10:45:00,216.0,216.38,215.75,216.38,2052701
2026-05-15 10:50:00,216.38,216.56,216.37,216.55,1215561
2026-05-15 10:55:00,216.55,216.55,216.05,216.26,1086827
2026-05-15 11:40:00,215.84,215.84,215.84,215.84,472290
2026-05-15 11:45:00,215.6,215.9,215.6,215.81,2329740
2026-05-15 11:50:00,215.7,215.82,215.53,215.78,2061897
2026-05-15 11:55:00,215.78,215.78,215.53,215.53,536152
2026-05-15 12:00:00,215.53,215.85,215.53,215.85,1479428
2026-05-15 12:05:00,215.85,216.15,215.8,216.0,2087452
2026-05-15 12:10:00,216.0,216.09,215.99,216.0,1268528
2026-05-15 12:15:00,216.0,216.0,215.74,215.74,458962
2026-05-15 12:20:00,215.74,215.8,215.59,215.59,1381633
2026-05-15 12:25:00,215.59,215.73,215.59,215.73,1499251
2026-05-15 12:30:00,215.73,215.82,215.62,215.82,1047106
2026-05-15 12:35:00,215.82,215.83,215.8,215.8,997519
2026-05-15 12:40:00,215.8,216.0,215.8,215.81,793750
2026-05-15 12:45:00,215.81,215.81,215.7,215.7,901165
2026-05-15 12:50:00,215.7,216.15,215.7,215.82,1496324
2026-05-15 12:55:00,215.82,215.98,215.52,215.72,1661733
2026-05-15 13:00:00,215.72,215.74,215.5,215.5,1353895
2026-05-15 13:05:00,215.5,215.55,215.25,215.36,1988886
2026-05-15 13:10:00,215.4,215.4,215.19,215.19,1317429
2026-05-15 13:15:00,215.2,215.47,215.15,215.47,1093420
2026-05-15 13:20:00,215.47,215.47,215.47,215.47,983499
2026-05-15 13:25:00,215.47,215.48,215.47,215.48,1044588
2026-05-15 13:30:00,215.48,215.48,215.17,215.17,2100520
2026-05-15 13:35:00,215.44,215.44,215.25,215.25,1880626
2026-05-15 13:40:00,215.25,215.35,215.25,215.25,894357
2026-05-15 13:45:00,215.25,215.25,215.25,215.25,1148157
2026-05-15 13:50:00,215.25,215.84,215.25,215.84,2567294
2026-05-15 13:55:00,215.84,215.84,215.67,215.67,2279113
2026-05-15 14:00:00,215.67,215.92,215.67,215.92,1428707
2026-05-15 14:05:00,215.92,215.92,215.75,215.88,1277843
2026-05-15 14:10:00,215.88,215.88,215.72,215.72,1472955
2026-05-15 14:15:00,215.62,215.72,215.62,215.7,1929207
2026-05-15 14:20:00,215.7,216.09,215.7,216.08,2853139
2026-05-15 14:25:00,215.94,216.09,215.72,215.88,3012251
2026-05-15 14:30:00,215.88,215.9,215.61,215.83,2922833
2026-05-15 14:35:00,215.83,215.83,215.35,215.64,2828144
2026-05-15 14:40:00,215.64,215.89,215.35,215.52,3588678
2026-05-15 14:45:00,215.52,215.79,215.25,215.74,3092307
2026-05-15 14:50:00,215.25,215.78,215.25,215.77,4320807
2026-05-15 14:55:00,215.77,215.79,215.35,215.44,4175141
2026-05-15 15:00:00,215.44,215.56,215.43,215.56,4710853
2026-05-15 15:05:00,215.73,215.82,215.25,215.26,5945358
2026-05-15 15:10:00,215.26,215.45,215.26,215.32,7227906
2026-05-15 15:15:00,215.36,215.37,215.0,215.35,6531989
2026-05-15 15:20:00,215.35,215.69,214.85,215.0,4691873
2026-05-15 15:25:00,214.92,215.66,214.75,214.75,4372742
2026-05-18 09:15:00,213.2,214.24,211.51,212.09,238688
2026-05-18 09:20:00,212.09,212.16,211.55,211.66,290650
2026-05-18 09:25:00,211.66,211.66,210.01,210.02,751885
2026-05-18 09:30:00,210.02,210.7,210.0,210.68,918021
2026-05-18 09:35:00,210.68,211.05,210.39,210.39,922830
2026-05-18 09:40:00,210.4,210.45,208.75,208.75,1406684
2026-05-18 09:45:00,209.09,209.47,208.74,209.0,1447424
2026-05-18 09:50:00,209.0,209.5,208.9,209.16,848018
2026-05-18 09:55:00,209.0,209.24,208.85,209.17,1517754
2026-05-18 10:00:00,209.3,209.31,208.8,209.16,1598861
2026-05-18 10:05:00,209.16,209.32,208.67,208.86,1404540
2026-05-18 10:10:00,208.86,209.06,208.69,208.97,1596267
2026-05-18 10:15:00,208.97,209.46,208.82,209.07,1755458
2026-05-18 10:20:00,209.07,210.34,209.07,210.3,991837
2026-05-18 10:25:00,210.3,210.3,209.81,209.81,942067
2026-05-18 10:30:00,209.8,210.39,209.01,210.02,1698848
2026-05-18 10:35:00,210.02,210.79,210.02,210.79,1988847
2026-05-18 10:40:00,210.79,210.79,210.13,210.58,1683233
2026-05-18 10:45:00,210.58,210.58,210.21,210.29,1367464
2026-05-18 10:50:00,210.29,210.65,210.0,210.0,1792535
2026-05-18 10:55:00,210.0,210.26,210.0,210.26,2032549
2026-05-18 11:00:00,210.26,210.49,209.89,210.49,1389784
2026-05-18 11:05:00,210.49,210.65,210.16,210.29,1400229
2026-05-18 11:10:00,210.29,210.6,210.15,210.17,1741386
2026-05-18 11:15:00,210.17,210.63,210.17,210.4,1531109
2026-05-18 11:20:00,210.25,210.77,210.22,210.52,2267760
2026-05-18 11:25:00,210.52,210.62,210.52,210.62,1070969
2026-05-18 11:30:00,210.62,210.62,210.4,210.4,1124555
2026-05-18 11:35:00,210.4,210.62,210.4,210.61,884135
2026-05-18 11:40:00,210.61,210.61,210.28,210.36,1725081
2026-05-18 11:45:00,210.36,210.36,210.0,210.1,3033571
2026-05-18 11:50:00,210.1,210.1,210.0,210.0,1519044
2026-05-18 11:55:00,210.0,211.04,210.0,210.7,1815670
2026-05-18 12:00:00,210.7,210.91,210.7,210.91,1613709
2026-05-18 12:05:00,210.91,210.91,210.6,210.6,785049
2026-05-18 12:10:00,211.09,211.23,210.81,210.81,2104
2026-05-18 12:15:00,211.16,211.19,211.01,211.19,206
2026-05-18 12:20:00,211.12,211.17,211.12,211.17,1469877
2026-05-18 12:25:00,211.17,211.34,210.97,211.23,1716169
2026-05-18 12:30:00,211.23,211.55,211.23,211.5,2451456
2026-05-18 12:35:00,211.55,211.6,211.55,211.6,1680826
2026-05-18 12:40:00,211.6,211.72,211.34,211.34,2283952
2026-05-18 12:45:00,211.34,211.41,211.25,211.26,2236645
2026-05-18 12:50:00,211.26,211.26,210.48,210.48,1730236
2026-05-18 12:55:00,210.48,210.62,210.41,210.57,2272595
2026-05-18 13:00:00,210.73,210.94,210.73,210.94,2278091
2026-05-18 13:05:00,210.94,210.94,210.33,210.45,2618851
2026-05-18 13:10:00,210.45,210.45,210.26,210.26,1116582
2026-05-18 13:15:00,210.42,210.42,210.24,210.41,1511116
2026-05-18 13:20:00,210.41,210.41,210.08,210.08,1053476
2026-05-18 13:25:00,210.08,210.38,210.08,210.38,726169
2026-05-18 13:30:00,210.38,210.41,210.14,210.41,994346
2026-05-18 13:35:00,210.41,210.41,210.27,210.27,1530526
2026-05-18 13:40:00,210.27,210.42,210.24,210.26,1934176
2026-05-18 13:45:00,210.26,210.55,210.26,210.45,1470444
2026-05-18 13:50:00,210.45,210.82,210.45,210.82,1887589
2026-05-18 13:55:00,210.82,211.24,210.76,210.76,3765421
2026-05-18 14:00:00,210.76,211.67,210.76,211.67,4905377
2026-05-18 14:05:00,211.66,211.66,210.77,211.34,5353176
2026-05-18 14:10:00,211.34,211.59,211.05,211.55,4172175
2026-05-18 14:15:00,211.55,211.55,211.2,211.34,5541818
2026-05-18 14:20:00,211.34,211.56,211.18,211.56,4073118
2026-05-18 14:25:00,211.45,211.88,211.34,211.88,4752945
2026-05-18 14:30:00,211.88,211.89,211.5,211.8,4834991
2026-05-18 14:35:00,211.74,211.78,211.73,211.75,4802163
2026-05-18 14:40:00,211.74,211.78,211.6,211.7,4525460
2026-05-18 14:45:00,211.51,211.9,211.51,211.9,3877525
2026-05-18 14:50:00,211.9,211.91,211.21,211.21,5113148
2026-05-18 14:55:00,211.85,212.0,211.65,211.89,4535148
2026-05-18 15:00:00,211.89,211.89,211.36,211.45,5479868
2026-05-18 15:05:00,211.45,212.48,211.38,212.47,5154788
2026-05-18 15:10:00,212.47,213.4,212.13,212.39,4824544
2026-05-18 15:15:00,212.77,212.77,212.11,212.54,6764222
2026-05-18 15:20:00,212.54,212.6,211.97,212.29,7357361
2026-05-18 15:25:00,212.29,212.89,212.29,212.63,8130696
2026-05-19 09:15:00,214.69,214.69,211.5,212.54,68925
2026-05-19 09:20:00,212.54,213.11,212.11,212.93,132658
2026-05-19 09:25:00,212.93,213.32,212.66,213.03,199182
2026-05-19 09:30:00,212.93,213.06,211.48,211.68,476769
2026-05-19 09:35:00,211.33,211.75,210.9,211.74,576664
2026-05-19 09:40:00,211.74,212.68,211.53,212.44,422622
2026-05-19 09:45:00,212.44,212.54,212.0,212.24,433139
2026-05-19 09:50:00,212.24,212.36,212.02,212.36,440321
2026-05-19 09:55:00,212.36,212.36,212.0,212.0,496761
2026-05-19 10:00:00,212.0,212.04,211.51,211.69,584993
2026-05-19 10:05:00,211.69,211.7,211.68,211.7,220577
2026-05-19 10:10:00,211.7,212.06,211.7,211.88,338043
2026-05-19 10:15:00,211.88,211.97,211.79,211.94,475952
2026-05-19 10:20:00,211.94,212.06,211.93,212.06,664653
2026-05-19 10:25:00,212.06,212.84,212.0,212.84,533156
2026-05-19 10:30:00,212.84,212.99,212.68,212.68,587046
2026-05-19 10:35:00,212.68,212.76,212.6,212.76,159925
2026-05-19 10:40:00,212.76,212.76,212.5,212.5,325050
2026-05-19 10:45:00,212.5,212.96,212.4,212.6,377937
2026-05-19 10:50:00,212.6,212.95,212.55,212.55,511049
2026-05-19 10:55:00,212.55,212.87,212.32,212.62,693922
2026-05-19 11:00:00,212.62,212.84,212.62,212.81,528643
2026-05-19 11:05:00,212.81,212.81,212.54,212.55,485314
2026-05-19 11:10:00,212.54,212.75,212.54,212.72,456590
2026-05-19 11:15:00,212.72,212.72,212.32,212.32,655075
2026-05-19 11:20:00,212.2,212.2,212.2,212.2,419390
2026-05-19 11:25:00,212.2,212.2,212.18,212.2,543336
2026-05-19 11:30:00,212.2,212.22,212.0,212.22,512202
2026-05-19 11:35:00,212.22,212.22,212.05,212.05,626343
2026-05-19 11:40:00,212.05,212.37,211.68,211.68,739596
2026-05-19 11:45:00,211.68,211.68,211.46,211.46,1070169
2026-05-19 11:50:00,211.46,211.68,211.38,211.53,659831
2026-05-19 11:55:00,211.53,211.54,211.32,211.54,720033
2026-05-19 12:00:00,211.14,211.19,211.14,211.19,781572
2026-05-19 12:05:00,211.19,211.32,210.7,210.7,1329415
2026-05-19 12:10:00,210.53,210.96,210.53,210.92,1232161
2026-05-19 12:15:00,210.92,210.94,210.85,210.94,1337215
2026-05-19 12:20:00,210.94,210.94,210.7,210.7,969033
2026-05-19 12:25:00,210.7,211.23,210.61,211.23,1540975
2026-05-19 12:30:00,211.23,211.28,210.61,210.94,1707148
2026-05-19 12:35:00,210.94,211.0,210.79,210.98,790787
2026-05-19 12:40:00,210.98,211.2,210.83,210.95,1664993
2026-05-19 12:45:00,210.95,210.95,210.85,210.85,842017
2026-05-19 12:50:00,210.85,210.85,210.75,210.75,906151
2026-05-19 12:55:00,210.75,211.04,210.75,211.0,914069
2026-05-19 13:00:00,211.0,211.12,211.0,211.12,1383449
2026-05-19 13:05:00,210.97,210.97,210.97,210.97,718334
2026-05-19 13:10:00,210.97,211.2,210.97,211.14,851461
2026-05-19 13:15:00,211.32,211.32,211.07,211.24,693420
2026-05-19 13:20:00,211.24,211.25,211.24,211.24,895448
2026-05-19 13:25:00,211.24,211.25,211.24,211.25,635275
2026-05-19 13:30:00,211.25,211.25,211.12,211.12,538146
2026-05-19 13:35:00,211.12,211.13,210.95,210.97,1238685
2026-05-19 13:40:00,210.97,211.16,210.97,211.1,1045628
2026-05-19 13:45:00,211.1,211.21,211.1,211.21,1472235
2026-05-19 13:50:00,211.21,211.56,211.21,211.5,989258
2026-05-19 13:55:00,211.5,213.98,211.42,213.0,2216870
2026-05-19 14:00:00,212.81,213.28,211.86,211.86,4634186
2026-05-19 14:05:00,211.86,212.03,211.52,211.84,5535138
2026-05-19 14:10:00,211.84,212.4,211.84,211.84,4355589
2026-05-19 14:15:00,212.24,212.24,211.82,212.04,3768029
2026-05-19 14:20:00,212.04,212.36,211.84,212.21,3788672
2026-05-19 14:25:00,212.21,213.24,211.94,213.23,5319468
2026-05-19 14:30:00,213.23,213.96,213.05,213.12,6755441
2026-05-19 14:35:00,213.12,213.16,212.14,213.0,8806362
2026-05-19 14:40:00,213.0,213.29,212.0,212.32,9486932
2026-05-19 14:45:00,212.32,212.32,210.0,210.0,12452720
2026-05-19 14:50:00,210.0,210.75,209.95,210.15,15157249
2026-05-19 14:55:00,210.15,211.06,210.0,210.69,16313276
2026-05-19 15:00:00,210.93,210.93,210.01,210.59,16221396
2026-05-19 15:05:00,210.6,211.0,210.47,210.82,17057418
2026-05-19 15:10:00,211.05,211.72,210.67,211.4,15994553
2026-05-19 15:15:00,211.4,211.5,210.5,210.59,14706995
2026-05-19 15:20:00,210.59,210.9,210.59,210.9,11126781
2026-05-19 15:25:00,210.63,211.04,210.63,210.7,15723129
2026-05-20 09:15:00,209.5,209.85,208.65,208.65,72319
2026-05-20 09:20:00,208.65,209.39,208.29,208.63,114873
2026-05-20 09:25:00,208.6,208.63,208.26,208.45,202879
2026-05-20 09:30:00,208.43,209.24,208.43,209.1,467498
2026-05-20 09:35:00,209.25,210.07,209.11,210.0,867493
2026-05-20 09:40:00,210.0,210.4,210.0,210.28,987872
2026-05-20 09:45:00,210.28,210.32,210.01,210.03,682803
2026-05-20 09:50:00,210.03,210.32,210.0,210.0,526433
2026-05-20 09:55:00,210.32,210.66,210.32,210.35,1292949
2026-05-20 10:00:00,210.35,210.35,210.35,210.35,255068
2026-05-20 10:05:00,210.29,210.29,210.06,210.27,301730
2026-05-20 10:10:00,210.27,210.45,210.27,210.42,652301
2026-05-20 10:15:00,210.42,210.71,210.32,210.71,996252
2026-05-20 10:20:00,210.71,210.71,210.35,210.35,1002038
2026-05-20 10:25:00,210.35,210.35,210.24,210.24,647653
2026-05-20 10:30:00,210.24,210.24,210.02,210.23,863412
2026-05-20 10:35:00,210.23,210.59,210.06,210.59,803191
2026-05-20 10:40:00,210.59,211.0,210.59,211.0,1155352
2026-05-20 10:45:00,211.32,211.32,210.84,211.0,1608870
2026-05-20 10:50:00,211.0,211.32,210.7,211.32,806178
2026-05-20 10:55:00,211.32,211.87,211.32,211.87,867265
2026-05-20 11:00:00,211.87,211.91,211.48,211.7,936129
2026-05-20 11:05:00,211.7,211.81,211.7,211.81,728400
2026-05-20 11:10:00,211.81,211.81,211.02,211.37,1023647
2026-05-20 11:15:00,211.37,211.37,211.12,211.12,598278
2026-05-20 11:20:00,211.12,211.37,211.12,211.37,472535
2026-05-20 11:25:00,211.37,211.37,211.37,211.37,94551
2026-05-20 11:30:00,211.37,211.75,211.37,211.4,725991
2026-05-20 11:35:00,211.4,211.47,211.4,211.47,379186
2026-05-20 11:40:00,211.47,211.8,211.4,211.4,573269
2026-05-20 11:45:00,211.4,211.89,211.4,211.89,769456
2026-05-20 11:50:00,211.89,211.89,211.52,211.8,1159266
2026-05-20 11:55:00,211.49,211.77,211.42,211.77,750257
2026-05-20 12:00:00,211.77,211.77,211.3,211.37,1160837
2026-05-20 12:05:00,211.37,211.37,211.3,211.3,1038585
2026-05-20 12:10:00,211.3,211.6,210.92,211.37,1019339
2026-05-20 12:15:00,211.37,211.41,210.84,210.84,703018
2026-05-20 12:20:00,211.0,211.0,211.0,211.0,388542
2026-05-20 12:25:00,211.27,211.27,210.5,210.9,1758544
2026-05-20 12:30:00,210.9,211.3,210.9,211.3,772923
2026-05-20 12:35:00,211.3,211.6,211.3,211.31,1957754
2026-05-20 12:40:00,211.31,211.31,211.0,211.0,754476
2026-05-20 12:45:00,211.0,211.25,211.0,211.11,717003
2026-05-20 12:50:00,211.11,211.11,210.9,211.06,1040479
2026-05-20 12:55:00,211.06,211.19,210.87,211.19,1810754
2026-05-20 13:00:00,211.27,211.85,211.12,211.75,2196204
2026-05-20 13:05:00,212.0,212.54,212.0,212.54,1543822
2026-05-20 13:10:00,212.54,212.77,212.12,212.51,2568997
2026-05-20 13:15:00,212.51,213.24,212.51,213.0,1500260
2026-05-20 13:20:00,213.0,213.19,212.61,212.72,2210720
2026-05-20 13:25:00,212.72,214.0,212.72,213.28,3566610
2026-05-20 13:30:00,213.28,213.4,213.0,213.3,2634414
2026-05-20 13:35:00,213.3,213.33,213.0,213.33,1403877
2026-05-20 13:40:00,213.33,213.33,212.84,212.84,1460716
2026-05-20 13:45:00,212.84,213.0,212.32,212.68,1624827
2026-05-20 13:50:00,212.68,213.29,212.68,213.29,1003323
2026-05-20 13:55:00,213.29,213.29,212.41,213.1,1942416
2026-05-20 14:00:00,213.1,213.48,213.1,213.48,1197317
2026-05-20 14:05:00,213.48,213.48,212.99,212.99,1471446
2026-05-20 14:10:00,212.99,213.12,212.85,212.85,1638354
2026-05-20 14:15:00,212.87,213.14,212.55,212.55,2195742
2026-05-20 14:20:00,212.55,213.5,212.55,213.01,3093404
2026-05-20 14:25:00,213.01,214.8,213.01,214.55,6056643
2026-05-20 14:30:00,214.55,214.55,213.39,213.58,6888354
2026-05-20 14:35:00,213.58,213.9,213.47,213.9,5199480
2026-05-20 14:40:00,213.9,214.3,213.77,213.77,6259684
2026-05-20 14:45:00,213.77,214.19,213.21,214.02,5312000
2026-05-20 14:50:00,214.02,214.19,213.73,214.14,6409122
2026-05-20 14:55:00,214.14,214.4,213.63,213.63,6152264
2026-05-20 15:00:00,213.5,213.63,213.08,213.25,8204213
2026-05-20 15:05:00,213.02,213.47,213.01,213.13,6676082
2026-05-20 15:10:00,213.15,213.75,213.13,213.49,6460474
2026-05-20 15:15:00,213.87,213.87,212.91,213.04,9738426
2026-05-20 15:20:00,213.28,213.85,213.18,213.7,10089652
2026-05-20 15:25:00,213.7,214.0,213.01,213.05,9276256
2026-05-21 09:15:00,217.59,217.65,214.85,214.9,89347
2026-05-21 09:20:00,215.4,217.13,215.4,216.31,195937
2026-05-21 09:25:00,216.19,216.19,214.88,214.88,346926
2026-05-21 09:30:00,214.88,215.0,214.31,214.89,405231
2026-05-21 09:35:00,214.89,215.43,214.8,215.34,387885
2026-05-21 09:40:00,215.34,215.88,215.34,215.87,385379
2026-05-21 09:45:00,215.87,216.0,215.65,215.65,270500
2026-05-21 09:50:00,215.65,215.89,215.5,215.84,380720
2026-05-21 09:55:00,215.84,215.88,215.5,215.52,260954
2026-05-21 10:00:00,215.75,215.75,215.15,215.35,297505
2026-05-21 10:05:00,215.35,215.35,215.0,215.0,428081
2026-05-21 10:10:00,215.0,215.3,215.0,215.0,237005
2026-05-21 10:15:00,215.0,215.35,215.0,215.3,423001
2026-05-21 10:20:00,215.3,215.3,215.3,215.3,228096
2026-05-21 10:25:00,215.0,215.39,215.0,215.39,282456
2026-05-21 10:30:00,215.88,216.45,215.59,216.27,823824
2026-05-21 10:35:00,216.27,216.47,216.27,216.35,758200
2026-05-21 10:40:00,216.35,216.35,216.29,216.29,527750
2026-05-21 10:45:00,216.29,216.29,216.15,216.15,346475
2026-05-21 10:50:00,216.13,216.13,216.11,216.12,390542
2026-05-21 10:55:00,216.12,216.12,215.77,215.77,608060
2026-05-21 11:00:00,215.67,215.84,215.67,215.84,547711
2026-05-21 11:05:00,215.84,215.84,215.52,215.6,639457
2026-05-21 11:10:00,215.6,215.6,215.56,215.56,467719
2026-05-21 11:15:00,215.56,215.75,215.25,215.26,718978
2026-05-21 11:20:00,215.26,216.22,215.26,216.22,631077
2026-05-21 11:25:00,216.22,216.49,216.13,216.24,602523
2026-05-21 11:30:00,216.24,216.45,216.19,216.19,609178
2026-05-21 11:35:00,216.19,216.79,216.19,216.45,518024
2026-05-21 11:40:00,216.45,216.45,216.38,216.38,469067
2026-05-21 11:45:00,216.38,216.38,214.71,215.2,1236414
2026-05-21 11:50:00,215.2,215.61,215.2,215.49,1327694
2026-05-21 11:55:00,215.49,215.84,215.49,215.84,1558415
2026-05-21 12:00:00,215.84,216.2,215.41,215.74,1498020
2026-05-21 12:05:00,215.74,215.74,215.32,215.32,690034
2026-05-21 12:10:00,215.32,215.32,215.27,215.27,450556
2026-05-21 12:15:00,215.27,215.27,215.27,215.27,520080
2026-05-21 12:20:00,215.27,215.6,215.27,215.6,591286
2026-05-21 12:25:00,215.28,215.78,215.27,215.78,1010192
2026-05-21 12:30:00,215.29,215.29,215.29,215.29,349360
2026-05-21 12:35:00,215.29,215.69,215.29,215.69,910656
2026-05-21 12:40:00,215.69,215.69,215.3,215.3,953977
2026-05-21 12:45:00,215.3,215.52,215.07,215.49,1007604
2026-05-21 12:50:00,215.49,215.49,215.49,215.49,252581
2026-05-21 12:55:00,215.17,215.36,214.71,215.36,847121
2026-05-21 13:00:00,215.36,215.36,214.83,215.32,999067
2026-05-21 13:05:00,215.32,215.38,214.96,214.96,705111
2026-05-21 13:10:00,214.96,215.42,214.96,215.04,709621
2026-05-21 13:15:00,215.04,215.32,215.04,215.32,523373
2026-05-21 13:20:00,215.32,215.32,215.02,215.02,336484
2026-05-21 13:25:00,215.02,215.02,215.0,215.0,336512
2026-05-21 13:30:00,215.0,215.26,215.0,215.26,748409
2026-05-21 13:35:00,215.26,215.52,215.26,215.52,736013
2026-05-21 13:40:00,215.52,215.52,215.52,215.52,78164
2026-05-21 13:45:00,215.96,215.96,215.6,215.6,132
2026-05-21 13:50:00,215.96,215.96,215.57,215.61,270
2026-05-21 13:55:00,215.82,215.99,215.31,215.99,927
2026-05-21 14:00:00,215.8,215.8,215.8,215.8,80916
2026-05-21 14:05:00,215.8,215.8,215.8,215.8,0
2026-05-21 14:10:00,215.82,215.82,215.13,215.13,1906800
2026-05-21 14:15:00,215.13,215.67,215.04,215.12,2365376
2026-05-21 14:20:00,215.12,215.44,215.08,215.26,2337028
2026-05-21 14:25:00,215.36,215.5,214.91,214.91,408
2026-05-21 14:30:00,214.98,215.24,214.96,215.24,312
2026-05-21 14:35:00,215.27,215.27,215.0,215.22,424
2026-05-21 14:40:00,215.24,215.26,215.0,215.19,426
2026-05-21 14:45:00,214.95,215.46,214.95,215.46,646
2026-05-21 14:50:00,215.64,215.93,215.58,215.66,3094120
2026-05-21 14:55:00,216.0,216.0,215.32,215.32,2684499
2026-05-21 15:00:00,215.32,215.74,215.17,215.28,3461030
2026-05-21 15:05:00,215.23,216.15,215.11,215.11,4617701
2026-05-21 15:10:00,215.11,215.41,215.0,215.4,5140433
2026-05-21 15:15:00,215.4,216.0,214.9,214.95,4767308
2026-05-21 15:20:00,214.95,215.4,214.93,215.35,3848657
2026-05-21 15:25:00,215.35,215.41,214.7,215.0,5040426
